   1 0.00000000 -7.80020454 -7.80020454 -7.80020454 -7.80020453 -7.37568578 -7.37568577 -7.32274292 -7.32274292 -7.32274292 -7.32274292 -5.35315269 -5.35315268 7.08950170 7.08950170 7.43780368 7.43780368 7.43780369 7.43780369 8.20616502 8.20616502 11.14528264 11.14528264 11.35925966 11.35925966 11.35925966 11.35925966 18.48014894 18.48014894 18.48014894 18.48014894 21.57218858 21.57218858 25.61529867 25.61529867 25.66011037
   2 0.00467992 -7.80069932 -7.80069932 -7.79980691 -7.79980691 -7.37579504 -7.37579504 -7.32323220 -7.32323220 -7.32235072 -7.32235072 -5.34319794 -5.34319794 6.99498460 6.99498460 7.29487795 7.29487795 7.40244335 7.40244335 8.41006926 8.41006926 11.16531048 11.16531049 11.36478594 11.36478594 11.40365873 11.40365873 18.40636942 18.40636942 18.49461290 18.49461290 21.59437531 21.59437531 25.63937216 25.63937216 25.67372179
   3 0.00935984 -7.80150301 -7.80150301 -7.79929175 -7.79929175 -7.37612776 -7.37612775 -7.32377152 -7.32377152 -7.32206958 -7.32206957 -5.31340881 -5.31340880 6.68500223 6.68500224 7.12314781 7.12314781 7.30192421 7.30192421 8.79350741 8.79350741 11.15956848 11.15956849 11.44429976 11.44429976 11.53263829 11.53263830 18.19870542 18.19870543 18.53804918 18.53804918 21.66125408 21.66125408 25.68336451 25.68336451 25.71352619
   4 0.01403976 -7.80270254 -7.80270254 -7.79856363 -7.79856362 -7.37669556 -7.37669556 -7.32427899 -7.32427899 -7.32189066 -7.32189066 -5.26400702 -5.26400701 6.27372412 6.27372412 6.96477513 6.96477513 7.14997685 7.14997686 9.20448765 9.20448765 11.07906665 11.07906665 11.64134941 11.64134942 11.73543590 11.73543590 17.89161496 17.89161496 18.61061907 18.61061908 21.77322886 21.77322886 25.74833909 25.74833909 25.77637365
   5 0.01871969 -7.80429924 -7.80429923 -7.79760782 -7.79760782 -7.37750828 -7.37750828 -7.32464944 -7.32464943 -7.32179322 -7.32179322 -5.19535175 -5.19535174 5.83853285 5.83853285 6.78630487 6.78630487 6.96268028 6.96268028 9.59799275 9.59799276 10.96439021 10.96439022 11.91518836 11.91518836 11.99869288 11.99869288 17.52781514 17.52781514 18.71258576 18.71258576 21.92957272 21.92957272 25.83088419 25.83088419 25.85680313
   6 0.02339961 -7.80625871 -7.80625870 -7.79644146 -7.79644146 -7.37856301 -7.37856301 -7.32477774 -7.32477773 -7.32175126 -7.32175126 -5.10792916 -5.10792916 5.39858037 5.39858037 6.59011017 6.59011017 6.75433321 6.75433321 9.93096297 9.93096297 10.85948747 10.85948748 12.24075371 12.24075371 12.30968293 12.30968293 17.15003314 17.15003314 18.84431534 18.84431534 22.12719617 22.12719617 25.92314722 25.92314722 25.94669913
   7 0.02807953 -7.80853014 -7.80853013 -7.79509524 -7.79509524 -7.37983540 -7.37983540 -7.32458664 -7.32458664 -7.32173393 -7.32173393 -5.00234603 -5.00234603 4.96011511 4.96011511 6.38397297 6.38397297 6.53607711 6.53607711 10.11908125 10.11908125 10.84240142 10.84240142 12.60383489 12.60383489 12.65777451 12.65777451 16.79905094 16.79905094 19.00627345 19.00627345 22.35965505 22.35965506 26.01377867 26.01377867 26.03480525
   8 0.03275945 -7.81105350 -7.81105350 -7.79360708 -7.79360708 -7.38127763 -7.38127763 -7.32405680 -7.32405680 -7.32169372 -7.32169371 -4.87933285 -4.87933285 4.52592995 4.52592995 6.17500066 6.17500067 6.31609889 6.31609889 10.10314034 10.10314035 10.95991625 10.95991625 12.99488835 12.99488836 13.03463533 13.03463534 16.51449097 16.51449098 19.19901913 19.19901913 22.61642897 22.61642897 26.08749780 26.08749780 26.10622881
   9 0.03743937 -7.81376329 -7.81376329 -7.79201901 -7.79201901 -7.38282424 -7.38282424 -7.32329175 -7.32329175 -7.32150678 -7.32150678 -4.73976107 -4.73976107 4.09765639 4.09765639 5.96881478 5.96881478 6.10030478 6.10030478 9.97762865 9.97762865 11.10087076 11.10087076 13.40700347 13.40700347 13.43397174 13.43397174 16.33381932 16.33381932 19.42319415 19.42319415 22.88251110 22.88251110 26.12480054 26.12480054 26.14233596
  10 0.04211929 -7.81659104 -7.81659103 -7.79037492 -7.79037492 -7.38440296 -7.38440296 -7.32267360 -7.32267359 -7.32081207 -7.32081207 -4.58467942 -4.58467942 3.67656791 3.67656792 5.76970309 5.76970309 5.89296789 5.89296789 9.82247911 9.82247911 11.17169612 11.17169612 13.83454746 13.83454746 13.85145628 13.85145628 16.28595107 16.28595107 19.67950483 19.67950483 23.13853457 23.13853457 26.10296991 26.10296991 26.12169753
  11 0.04679921 -7.81946721 -7.81946720 -7.78871875 -7.78871875 -7.38594573 -7.38594573 -7.32244022 -7.32244022 -7.31942398 -7.31942398 -4.41537527 -4.41537527 3.26396852 3.26396853 5.58091877 5.58091877 5.69722086 5.69722086 9.66664100 9.66664101 11.14375151 11.14375152 14.27148955 14.27148955 14.28535641 14.28535641 16.38114085 16.38114085 19.96869150 19.96869150 23.36194819 23.36194819 25.99989230 25.99989230 26.02285342
  12 0.05147914 -7.82232274 -7.82232274 -7.78709290 -7.78709290 -7.38739652 -7.38739652 -7.32235958 -7.32235958 -7.31764773 -7.31764772 -4.23347015 -4.23347015 2.86144586 2.86144586 5.40494548 5.40494548 5.51539997 5.51539997 9.52176396 9.52176397 11.02449786 11.02449786 14.71375873 14.71375873 14.73325285 14.73325285 16.60676019 16.60676020 20.29147700 20.29147700 23.52984230 23.52984230 25.80031309 25.80031309 25.82977060
  13 0.05615906 -7.82509034 -7.82509034 -7.78553690 -7.78553690 -7.38871483 -7.38871483 -7.32230953 -7.32230953 -7.31569118 -7.31569117 -4.04106391 -4.04106391 2.47109095 2.47109095 5.24369839 5.24369839 5.34927764 5.34927764 9.39370564 9.39370564 10.83902758 10.83902758 15.16127133 15.16127133 15.18902144 15.18902144 16.93470100 16.93470100 20.64847870 20.64847870 23.62341644 23.62341645 25.50165311 25.50165311 25.53831237
  14 0.06083898 -7.82770564 -7.82770564 -7.78408640 -7.78408639 -7.38987561 -7.38987561 -7.32225684 -7.32225683 -7.31367962 -7.31367962 -3.84095009 -3.84095009 2.09574365 2.09574365 5.09866836 5.09866836 5.20021788 5.20021788 9.28586503 9.28586503 10.61560005 10.61560005 15.61196533 15.61196533 15.64763684 15.64763684 17.33272370 17.33272370 21.04005302 21.04005302 23.63270199 23.63270199 25.11604084 25.11604084 25.15898579
  15 0.06551890 -7.83010827 -7.83010827 -7.78277241 -7.78277240 -7.39086701 -7.39086700 -7.32219370 -7.32219370 -7.31171456 -7.31171456 -3.63693613 -3.63693613 1.73931660 1.73931661 4.97102297 4.97102297 5.06928020 5.06928020 9.20039046 9.20039046 10.37795184 10.37795184 16.06156504 16.06156505 16.10390925 16.10390925 17.77095886 17.77095887 21.46600614 21.46600614 23.55921063 23.55921064 24.66723779 24.66723779 24.71421924
  16 0.07019882 -7.83224301 -7.83224301 -7.78162099 -7.78162099 -7.39168714 -7.39168714 -7.32212173 -7.32212172 -7.30988577 -7.30988577 -3.43430937 -3.43430936 1.40725082 1.40725083 4.86167708 4.86167708 4.95728974 4.95728974 9.13870770 9.13870770 10.14358341 10.14358341 16.50329466 16.50329466 16.55057396 16.55057396 18.22295420 18.22295421 21.92501320 21.92501320 23.41526062 23.41526062 24.18540854 24.18540854 24.23318292
  17 0.07487874 -7.83406084 -7.83406084 -7.78065316 -7.78065315 -7.39234070 -7.39234070 -7.32204688 -7.32204688 -7.30827270 -7.30827270 -3.24047140 -3.24047140 1.10713249 1.10713250 4.77134206 4.77134206 4.86488503 4.86488503 9.10171549 9.10171550 9.92476088 9.92476088 16.92637293 16.92637293 16.97635219 16.97635219 18.66402006 18.66402007 22.41331987 22.41331987 23.22120484 23.22120484 23.70380040 23.70380040 23.74819512
  18 0.07955866 -7.83552000 -7.83551999 -7.77988512 -7.77988512 -7.39283579 -7.39283579 -7.32197701 -7.32197700 -7.30694342 -7.30694342 -3.06564849 -3.06564849 0.84938288 0.84938288 4.70056067 4.70056067 4.79255130 4.79255130 9.08962220 9.08962220 9.73025165 9.73025165 17.31347925 17.31347925 17.36329734 17.36329734 19.06836545 19.06836545 22.92097150 22.92097150 23.00323085 23.00323086 23.25939921 23.25939922 23.29456070
  19 0.08423859 -7.83658692 -7.83658692 -7.77932869 -7.77932869 -7.39318137 -7.39318137 -7.32192010 -7.32192010 -7.30595305 -7.30595305 -2.92323001 -2.92323001 0.64757517 0.64757517 4.64973192 4.64973192 4.74064406 4.74064406 9.10092857 9.10092857 9.56757688 9.56757688 17.63753879 17.63753879 17.68385528 17.68385529 19.40522731 19.40522732 22.79035627 22.79035628 22.89440257 22.89440257 22.91267907 22.91267907 23.42716377
  20 0.08891851 -7.83723706 -7.83723705 -7.77899182 -7.77899182 -7.39338522 -7.39338522 -7.32188293 -7.32188293 -7.30534221 -7.30534220 -2.82861886 -2.82861886 0.51726357 0.51726358 4.61912881 4.61912881 4.70940586 4.70940586 9.12833507 9.12833507 9.44790497 9.44790497 17.86043881 17.86043881 17.90095718 17.90095718 19.63575412 19.63575412 22.61111301 22.61111302 22.64645447 22.64645447 22.67558321 22.67558321 23.86003750
  21 0.09359843 -7.83745545 -7.83745544 -7.77887904 -7.77887904 -7.39345257 -7.39345257 -7.32187002 -7.32187001 -7.30513580 -7.30513579 -2.79524472 -2.79524472 0.47197764 0.47197765 4.60891036 4.60891036 4.69897770 4.69897770 9.14648817 9.14648817 9.39876267 9.39876267 17.94125440 17.94125441 17.97845261 17.97845261 19.71905618 19.71905618 22.53751563 22.53751563 22.54712481 22.54712481 22.60758697 22.60758698 24.05327067
  22 0.09525303 -7.83867239 -7.83622404 -7.77914652 -7.77859769 -7.39544168 -7.39147662 -7.32219189 -7.32153200 -7.30570662 -7.30462088 -2.79508716 -2.79500605 0.47115034 0.47381016 4.60170724 4.60991560 4.69411484 4.69814414 9.15107509 9.15484318 9.40116242 9.40936020 17.92282306 17.94325379 17.96646413 17.97457916 19.69336724 19.72684000 22.36835292 22.39067319 22.52231405 22.52393087 22.78788048 22.79265037 24.06933102
  23 0.09690763 -7.83986840 -7.83498488 -7.77940121 -7.77830157 -7.39743690 -7.38952047 -7.32249846 -7.32117713 -7.30633380 -7.30416111 -2.79454198 -2.79437953 0.47132422 0.47664697 4.58625397 4.60294551 4.68557632 4.69397034 9.16705375 9.17477681 9.41769144 9.43421459 17.88847989 17.92856525 17.93906778 17.95512816 19.64973771 19.71500193 22.19784339 22.22993952 22.46376327 22.46765030 23.01689464 23.01995925 24.12035930
  24 0.09856224 -7.84103728 -7.83374485 -7.77964426 -7.77798998 -7.39943076 -7.38759030 -7.32279065 -7.32080482 -7.30701751 -7.30375542 -2.79363472 -2.79339055 0.47249050 0.48048219 4.55901515 4.58269213 4.67943266 4.69080654 9.19061064 9.20205164 9.45186030 9.47636247 17.83926621 17.89317699 17.90145701 17.92073611 19.58678893 19.68047604 22.05742514 22.09785906 22.37464929 22.37983420 23.25529848 23.26507641 24.20051964
  25 0.10021684 -7.84217319 -7.83251086 -7.77987690 -7.77766254 -7.40141546 -7.38569179 -7.32306946 -7.32041465 -7.30775757 -7.30340247 -2.79240794 -2.79208162 0.47463598 0.48530510 4.51835696 4.54627895 4.67975743 4.69152163 9.21721483 9.23107748 9.50811795 9.53915975 17.77665209 17.83663431 17.85608905 17.87225562 19.50280151 19.62002667 21.95214191 21.99844914 22.26196430 22.26772842 23.50428818 23.51966283 24.30313151
  26 0.10187144 -7.84327067 -7.83128981 -7.78010039 -7.77731919 -7.40338292 -7.38383009 -7.32333594 -7.32000639 -7.30855348 -7.30310066 -2.79092127 -2.79051245 0.47774363 0.49110051 4.46542297 4.49605645 4.68571161 4.69650477 9.24366036 9.25801288 9.58886512 9.62435738 17.70235797 17.76658014 17.79789443 17.81067787 19.39686424 19.53177964 21.88447604 21.93328507 22.13177385 22.13760934 23.76131608 23.78126726 24.42253651
  27 0.10352604 -7.84432470 -7.83008841 -7.78031595 -7.77696031 -7.40532484 -7.38200981 -7.32359115 -7.31958004 -7.30940447 -7.30284814 -2.78925149 -2.78876014 0.48179335 0.49784927 4.40249655 4.43539262 4.69562344 4.70517442 9.26889680 9.28222566 9.69311672 9.73139365 17.61817605 17.68527306 17.72749529 17.73708587 19.26961709 19.41629752 21.85389807 21.90162553 21.98869922 21.99428540 24.02434998 24.04797353 24.55458268
  28 0.10518064 -7.84533064 -7.82891311 -7.78052480 -7.77658681 -7.40723272 -7.38023502 -7.32383617 -7.31913585 -7.31030940 -7.30264285 -2.78749257 -2.78691923 0.48676312 0.50552913 4.33190141 4.36698627 4.70855812 4.71696416 9.29326198 9.30482276 9.81808148 9.85826841 17.52583515 17.59443489 17.64613636 17.65262250 19.12327128 19.27656131 21.83605382 21.84084012 21.85758228 21.90081126 24.29170062 24.31820721 24.69640081
  29 0.10683525 -7.84628434 -7.82776999 -7.78072810 -7.77620014 -7.40909802 -7.37850921 -7.32407210 -7.31867433 -7.31126689 -7.30248252 -2.78575573 -2.78510181 0.49263034 0.51411578 4.25574086 4.29302621 4.72406675 4.73149576 9.31749127 9.32706226 9.96083367 10.00261401 17.42691783 17.49560414 17.55517517 17.55846661 18.96105734 19.11702224 21.67639267 21.68093381 21.88954904 21.92682302 24.56189587 24.59060744 24.84603169
  30 0.10848985 -7.84718204 -7.82666457 -7.78092693 -7.77580237 -7.41091212 -7.37683529 -7.32429998 -7.31819628 -7.31227522 -7.30236472 -2.78416934 -2.78343743 0.49937362 0.52358437 4.17588682 4.21539171 4.74192253 4.74853110 9.34224417 9.34984781 10.11887299 10.16221982 17.32281809 17.39009110 17.45581768 17.45603403 18.78652286 18.94245956 21.51148290 21.51544713 21.94554870 21.97542690 24.83354258 24.86392295 25.00214620
  31 0.11014445 -7.84802041 -7.82560181 -7.78112232 -7.77539623 -7.41266651 -7.37521563 -7.32452085 -7.31770283 -7.31333245 -7.30228688 -2.78287871 -2.78207295 0.50697499 0.53391136 4.09400229 4.13573772 4.76199811 4.76791563 9.36799880 9.37374580 10.29013522 10.33516318 17.21472060 17.27893139 17.34589422 17.35020274 18.60300452 18.75720170 21.34274616 21.34612301 22.02045782 22.04253029 25.10477205 25.13689642 25.16429065
  32 0.11179905 -7.84879655 -7.82458591 -7.78131522 -7.77498514 -7.41435279 -7.37365200 -7.32473570 -7.31719543 -7.31443631 -7.30224634 -2.78204565 -2.78117213 0.51542245 0.54507679 4.01156213 4.05553034 4.78421243 4.78954241 9.39507357 9.39909370 10.47289056 10.51979311 17.10357982 17.16286244 17.22995525 17.23925162 18.41336173 18.56480390 21.17130330 21.17411007 22.11022223 22.12456921 25.32710986 25.35137232 25.37879329
  33 0.11345365 -7.84950792 -7.82362033 -7.78150649 -7.77457313 -7.41596281 -7.37214563 -7.32494547 -7.31667605 -7.31558417 -7.30224033 -2.78184779 -2.78091489 0.52471295 0.55706705 3.92987113 3.97606674 4.80850662 4.81333154 9.42366976 9.42608474 10.66565020 10.71467889 16.99007369 17.04234037 17.10936201 17.12482500 18.21991026 18.36802668 20.99807052 21.00033797 22.21160489 22.21857717 25.49773418 25.52111892 25.64633731
  34 0.11510826 -7.85015235 -7.82270769 -7.78169692 -7.77416488 -7.41748871 -7.37069723 -7.32515102 -7.31677530 -7.31614483 -7.30226606 -2.78247750 -2.78149623 0.53485577 0.56987802 3.85008041 3.89849049 4.83483254 4.83921846 9.45390636 9.45482076 10.86709409 10.91855666 16.87449887 16.91762471 16.98570736 17.00857839 18.02446497 18.16894736 20.82381625 20.82558163 22.32207246 22.32214363 25.67073421 25.69398142 25.91056465
  35 0.11676286 -7.85072801 -7.82184978 -7.78188721 -7.77376560 -7.41892304 -7.36930697 -7.32535317 -7.31800312 -7.31560792 -7.30232070 -2.78414040 -2.78312471 0.54587600 0.58351860 3.77320239 3.82380520 4.86314685 4.86714723 9.48534322 9.48584398 11.07601267 11.13028033 16.75658616 16.78893134 16.86103164 16.89205412 17.82842493 17.96910335 20.64919878 20.65050170 22.43332568 22.43964948 25.84629255 25.86946711 26.16877051
  36 0.11841746 -7.85123338 -7.82104755 -7.78207800 -7.77338093 -7.42025884 -7.36797458 -7.32555262 -7.31926719 -7.31506545 -7.30240148 -2.78705338 -2.78602037 0.55781830 0.59801451 3.70012367 3.75288667 4.89340783 4.89706637 9.51765118 9.51950013 11.29125531 11.34877546 16.63535234 16.65658044 16.73800753 16.77656507 17.63286604 17.76962331 20.47479178 20.47567167 22.55055103 22.56278202 26.02399600 26.04710613 26.41847758
  37 0.12007206 -7.85166722 -7.82030117 -7.78226982 -7.77301683 -7.42148971 -7.36669930 -7.32575001 -7.32056387 -7.31452088 -7.30250563 -2.79144193 -2.79041196 0.57075032 0.61341208 3.63161578 3.68649315 4.92557360 4.92892643 9.55171167 9.55485882 11.51167976 11.57299329 16.50946407 16.52104738 16.61961896 16.66317680 17.43862744 17.57133332 20.30110215 20.30159688 22.67252857 22.69022394 26.20341248 26.22646383 26.65675638
  38 0.12172666 -7.85202857 -7.81961004 -7.78246319 -7.77267943 -7.42260990 -7.36548004 -7.32594588 -7.32188985 -7.31397749 -7.30263048 -2.79753698 -2.79653364 0.58476584 0.62978190 3.56834347 3.62527388 4.95960097 4.96267828 9.58746548 9.59187633 11.73609781 11.80186124 16.37834515 16.38291297 16.50810437 16.55278930 17.24639138 17.37483793 20.12858296 20.12872797 22.79817065 22.82094521 26.38413103 26.40713947 26.88011567
  39 0.12338127 -7.85231667 -7.81897294 -7.78265850 -7.77237488 -7.42361439 -7.36431531 -7.32614067 -7.32324173 -7.31343872 -7.30277347 -2.80557096 -2.80462092 0.59998705 0.64722193 3.51087102 3.56977578 4.99544480 4.99827206 9.62483034 9.63048454 11.96321249 12.03422515 16.24272582 16.24278426 16.40446870 16.44624158 17.05676561 17.18058051 19.95747086 19.95764293 22.92652616 22.95405736 26.56576660 26.58876521 27.08450392
  40 0.12503587 -7.85253100 -7.81838804 -7.78285613 -7.77210918 -7.42449890 -7.36320338 -7.32633469 -7.32461607 -7.31290820 -7.30293216 -2.81577333 -2.81490593 0.61656578 0.66585969 3.45966689 3.52044891 5.03305747 5.03565641 9.66370232 9.67059267 12.19154129 12.26877759 16.10123865 16.10392766 16.30927477 16.34436937 16.87039247 16.98888772 19.78819431 19.78865374 23.05672087 23.08875021 26.74795677 26.77100511 27.26545921
  41 0.12503587 -7.85267122 -7.81785305 -7.78305637 -7.77188805 -7.42526000 -7.36214226 -7.32652817 -7.32600934 -7.31238963 -7.30310426 -2.82836551 -2.82761223 0.63468326 0.68585319 3.41510732 3.47765109 5.07238857 5.07477787 9.70395623 9.71208788 12.41932003 12.50396437 15.95879890 15.96315065 16.22345235 16.24795353 16.68814888 16.80000211 19.62123573 19.62195569 23.18790142 23.22423418 26.93035050 26.95355348 27.41847373
  42 0.18235297 -7.85267122 -7.81785305 -7.78305638 -7.77188805 -7.42525999 -7.36214226 -7.32652817 -7.32600935 -7.31238963 -7.30310426 -2.82836551 -2.82761223 0.63468326 0.68585319 3.41510732 3.47765109 5.07238857 5.07477787 9.70395623 9.71208788 12.41932003 12.50396437 15.95879890 15.96315065 16.22345235 16.24795353 16.68814888 16.80000211 19.62123573 19.62195569 23.18790142 23.22423418 26.93035050 26.95355348 27.41847373
  43 0.18731677 -7.85264623 -7.81651919 -7.78367521 -7.77154181 -7.42678146 -7.35924210 -7.33026679 -7.32710591 -7.31094355 -7.30368085 -2.88245953 -2.88224666 0.70047055 0.75597992 3.32374830 3.39072142 5.20014088 5.20199110 9.83142933 9.84343315 13.07482929 13.19119847 15.53046799 15.53691498 15.98243983 16.04186085 16.19785361 16.25183262 19.13726296 19.13863044 23.57789790 23.62659698 27.47365368 27.50027276 27.67762707
  44 0.19228058 -7.85195652 -7.81552400 -7.78432461 -7.77174780 -7.42715217 -7.35672149 -7.33456209 -7.32767627 -7.30973959 -7.30431405 -2.96471877 -2.96411766 0.78873853 0.84644393 3.29769272 3.36759914 5.34122616 5.34264025 9.96466589 9.98100349 13.60943545 13.77248545 15.10771883 15.11494390 15.57903151 15.73336153 16.04435089 16.04827591 18.68411319 18.68597550 23.93440027 23.99582089 27.62344181 27.63041399 28.02383820
  45 0.19724439 -7.85061502 -7.81477593 -7.78500719 -7.77255117 -7.42641754 -7.35454090 -7.33877971 -7.32822852 -7.30886752 -7.30497489 -3.07656418 -3.07497437 0.90640973 0.96425524 3.33492847 3.40626860 5.49370594 5.49476193 10.09643535 10.11787026 13.90779966 14.10848719 14.69729686 14.70553061 15.10910653 15.24720821 16.29427403 16.35252129 18.26783689 18.27009180 24.19132436 24.26600324 27.39329040 27.40694157 28.55161643
  46 0.20220819 -7.84864392 -7.81418758 -7.78572428 -7.77393339 -7.42467857 -7.35275000 -7.34272850 -7.32874601 -7.30839660 -7.30565141 -3.21612456 -3.21352216 1.05903569 1.11539700 3.42998370 3.50153091 5.65530467 5.65606825 10.21751963 10.24507999 13.97172127 14.18106713 14.30488420 14.31572499 14.65943610 14.79688640 16.87378542 16.94286496 17.89365393 17.89624558 24.22570052 24.30825971 27.18156655 27.20473042 29.06122377
  47 0.20717200 -7.84607570 -7.81368141 -7.78647668 -7.77582357 -7.42207376 -7.35184409 -7.34579104 -7.32920860 -7.30836841 -7.30634609 -3.37901601 -3.37552565 1.24982942 1.30364453 3.57591936 3.64684390 5.82339377 5.82392691 10.31736003 10.35220166 13.87683092 13.92822340 13.97915071 14.12425706 14.24721251 14.39457542 17.56619410 17.56820237 17.62861275 17.69187860 23.92093101 23.99572647 27.17191820 27.19262432 28.98729394
  48 0.21213580 -7.84295563 -7.81319205 -7.78726510 -7.77811614 -7.41875995 -7.35329685 -7.34639252 -7.32959500 -7.30879265 -7.30707190 -3.55920230 -3.55505288 1.47970223 1.53041429 3.76571944 3.83556991 5.99499943 5.99536708 10.38569460 10.42880594 13.57090294 13.57734528 13.78174643 13.83100663 14.07308548 14.09491187 17.28983333 17.29284421 18.43591363 18.49468493 23.32155557 23.37778154 27.31371430 27.32236948 28.48947005
  49 0.21709961 -7.83934486 -7.81266704 -7.78809028 -7.78068895 -7.41489681 -7.35637589 -7.34518391 -7.32988410 -7.30964599 -7.30784765 -3.75012976 -3.74559833 1.74791105 1.79532846 3.99292799 4.06154272 6.16684761 6.16712386 10.41505408 10.46685061 13.24809287 13.24980008 13.47120626 13.50003492 13.96456718 14.01042596 17.06846390 17.07170876 19.22409064 19.28129575 22.57452150 22.61015515 27.37474663 27.37840195 28.10491500
  50 0.22206342 -7.83532361 -7.81206688 -7.78895292 -7.78341772 -7.41063771 -7.35968474 -7.34349673 -7.33005535 -7.31087388 -7.30869343 -3.94555255 -3.94091858 2.05279297 2.09695059 4.25172964 4.31913705 6.33546176 6.33573564 10.40300745 10.46302832 12.94685904 12.94732064 13.13965063 13.18778436 13.91738272 13.97051830 16.90573052 16.90917738 19.91963162 19.98269977 21.81330898 21.82482932 27.24530860 27.25896901 27.80154620
  51 0.22702722 -7.83099339 -7.81136491 -7.78985335 -7.78618570 -7.40612746 -7.36287010 -7.34163162 -7.33008817 -7.31239527 -7.30962666 -4.13996781 -4.13548401 2.39230144 2.43335708 4.53672597 4.60305951 6.49732448 6.49770568 10.35260591 10.41952929 12.66898595 12.67154787 12.83888142 12.89176989 13.89029323 13.93746150 16.80472791 16.80835058 20.32455745 20.40637588 21.24126331 21.26396792 27.03541908 27.05280468 27.50743633
  52 0.23199103 -7.82647749 -7.81054678 -7.79079108 -7.78888876 -7.40150532 -7.36582363 -7.33965254 -7.32996135 -7.31411006 -7.31065891 -4.32875260 -4.32462893 2.76429440 2.80246205 4.84257474 4.90800452 6.64910357 6.64972778 10.27061428 10.34254950 12.41622172 12.42149962 12.56927410 12.62168169 13.84602578 13.88426944 16.76770149 16.77146564 20.00572426 20.05500298 21.37331818 21.37750382 26.82688943 26.84235044 27.21676521
  53 0.23695484 -7.82191865 -7.80960974 -7.79176421 -7.79143730 -7.39691039 -7.36848290 -7.33758358 -7.32965335 -7.31590839 -7.31179372 -4.50812989 -4.50452516 3.16662876 3.20213833 5.16357127 5.22824393 6.78792340 6.78895676 10.16473693 10.23953131 12.18833599 12.19721721 12.33049062 12.37959154 13.74871932 13.77806895 16.79557658 16.79943287 19.46864396 19.49464289 21.67317812 21.67906230 26.63921680 26.64978904 26.93641554
  54 0.24191864 -7.81747338 -7.80856156 -7.79375642 -7.79276878 -7.39248588 -7.37079402 -7.33544746 -7.32914510 -7.31768068 -7.31302538 -4.67505983 -4.67207698 3.59712492 3.63019732 5.49320791 5.55718199 6.91164243 6.91328403 10.04122810 10.11658169 11.98494399 11.99830498 12.12153001 12.16536740 13.56810545 13.59004569 16.88734603 16.89122655 19.01844864 19.03153266 21.87998325 21.88670503 26.46925704 26.47373079 26.67390062
  55 0.24688245 -7.81330240 -7.80741956 -7.79578571 -7.79379806 -7.38837832 -7.37270654 -7.33327672 -7.32842670 -7.31932667 -7.31433851 -4.82711245 -4.82479595 4.05343551 4.08426412 5.82374900 5.88690868 7.01908964 7.02156957 9.90327488 9.97663023 11.80553615 11.82397850 11.94081424 11.97790783 13.29127781 13.30838383 17.03932609 17.04314466 18.70190146 18.70680495 21.98209573 21.98705917 26.30890628 26.31069168 26.43562127
  56 0.25184625 -7.80955772 -7.80620997 -7.79747942 -7.79484170 -7.38472884 -7.37418021 -7.33111829 -7.32750859 -7.32076232 -7.31570820 -4.96234859 -4.96068430 4.53280814 4.56153900 6.14588288 6.20780679 7.11023764 7.11380168 9.74975492 9.81805221 11.64941791 11.67301435 11.78649045 11.81574256 12.93138232 12.94683383 17.24426915 17.24792414 18.51412284 18.51421424 21.99795504 22.00078180 26.15332208 26.16093004 26.22072123
  57 0.25681006 -7.80636786 -7.80496821 -7.79880725 -7.79588487 -7.38165669 -7.37519771 -7.32903541 -7.32643498 -7.32192341 -7.31710055 -5.07921959 -5.07813887 5.03166167 5.05836320 6.44852916 6.50827709 7.18636951 7.19121828 9.57396724 9.63347705 11.51564797 11.54356216 11.65686903 11.67764643 12.52491752 12.54161958 17.49028684 17.49366359 18.42518196 18.42738317 21.95086970 21.95208753 26.00893097 26.02151637 26.03936696
  58 0.26177387 -7.80382378 -7.80374025 -7.79975526 -7.79690737 -7.37923963 -7.37577829 -7.32710732 -7.32529331 -7.32276648 -7.31847351 -5.17648877 -5.17587884 5.54472301 5.56932674 6.71889712 6.77462211 7.25045412 7.25651786 9.36289395 9.40957542 11.40299452 11.43273012 11.55080172 11.56328229 12.12147415 12.14076199 17.75955166 17.76252295 18.40437319 18.40720934 21.86400774 21.86435268 25.88013024 25.88892715 25.90099951
  59 0.26673767 -7.80258501 -7.80196876 -7.80032634 -7.79788294 -7.37749906 -7.37598723 -7.32542578 -7.32421145 -7.32326751 -7.31977820 -5.25317506 -5.25289684 6.06281256 6.08495760 6.94334950 6.99147712 7.30797491 7.31420046 9.09997611 9.13090427 11.30965000 11.33593910 11.46781855 11.47346260 11.77393244 11.79349090 18.02699286 18.02941928 18.42003025 18.42257093 21.76072526 21.76075328 25.77318636 25.77552743 25.79831973
  60 0.27170148 -7.80157681 -7.80079457 -7.80053930 -7.79877920 -7.37639587 -7.37593696 -7.32408744 -7.32341944 -7.32333864 -7.32096103 -5.30851790 -5.30843062 6.56456470 6.58289049 7.11421327 7.14843000 7.36560062 7.36918487 8.77686589 8.79222949 11.23256475 11.24770252 11.40798200 11.40942168 11.52745735 11.54015846 18.26000551 18.26174078 18.44780562 18.44961530 21.66449770 21.66451767 25.69349408 25.69389681 25.72234207
  61 0.27666529 -7.80079661 -7.80043637 -7.80024357 -7.79956047 -7.37583671 -7.37577853 -7.32325236 -7.32315796 -7.32281525 -7.32196680 -5.34196131 -5.34195002 6.96750939 6.97497676 7.27556841 7.28729422 7.41699521 7.41714595 8.42119911 8.42496037 11.17165998 11.17446714 11.37156035 11.37163157 11.39736727 11.40005474 18.42164518 18.42255522 18.47104912 18.47197152 21.59663531 21.59664005 25.64204982 25.64208176 25.67577136
  62 0.28162909 -7.80020454 -7.80020454 -7.80020454 -7.80020453 -7.37568578 -7.37568577 -7.32274292 -7.32274292 -7.32274292 -7.32274292 -5.35315269 -5.35315268 7.08950170 7.08950170 7.43780368 7.43780368 7.43780369 7.43780369 8.20616502 8.20616502 11.14528264 11.14528264 11.35925966 11.35925966 11.35925966 11.35925966 18.48014894 18.48014894 18.48014894 18.48014894 21.57218858 21.57218858 25.61529867 25.61529867 25.66011037
  63 0.28568202 -7.80066040 -7.80031382 -7.80031382 -7.79967614 -7.37576696 -7.37576696 -7.32317506 -7.32292844 -7.32292844 -7.32208824 -5.34568615 -5.34568614 7.01316653 7.01316653 7.31809892 7.31809892 7.42659038 7.42730142 8.36062278 8.36062278 11.16495661 11.16495661 11.37560397 11.37605792 11.37618640 11.37618640 18.45713322 18.45776215 18.45776215 18.45835636 21.58851633 21.58851633 25.62901328 25.62901328 25.68560188
  64 0.28973495 -7.80103240 -7.80063993 -7.80063993 -7.79908913 -7.37600543 -7.37600543 -7.32347466 -7.32347466 -7.32337314 -7.32122697 -5.32333754 -5.32333753 6.72417045 6.72417045 7.20046516 7.20046516 7.39450600 7.39588737 8.63928801 8.63928801 11.22414743 11.22414743 11.42388036 11.42475095 11.43035042 11.43035043 18.39294163 18.39418342 18.39418342 18.39532633 21.63417788 21.63417788 25.61698585 25.61698585 25.81281173
  65 0.29378789 -7.80131212 -7.80117757 -7.80117756 -7.79845964 -7.37638636 -7.37638636 -7.32435195 -7.32435195 -7.32333047 -7.32017910 -5.28626021 -5.28626021 6.31492541 6.31492541 7.12898454 7.12898454 7.34385765 7.34583561 8.89799874 8.89799874 11.31974053 11.31974053 11.50058587 11.50180650 11.53343816 11.53343816 18.29747381 18.29922531 18.29922531 18.30091171 21.70007694 21.70007695 25.59207210 25.59207210 26.02205939
  66 0.29784082 -7.80191770 -7.80191770 -7.80149414 -7.79780546 -7.37688641 -7.37688641 -7.32551515 -7.32551515 -7.32304546 -7.31896839 -5.23471166 -5.23471166 5.87040094 5.87040095 7.05739479 7.05739479 7.27795312 7.28043281 9.09243336 9.09243336 11.43838255 11.43838255 11.60035543 11.60184291 11.70564394 11.70564394 18.18468402 18.18671415 18.18671415 18.18904088 21.77370455 21.77370455 25.56675542 25.56675542 26.29056033
  67 0.30189375 -7.80284736 -7.80284736 -7.80157602 -7.79714536 -7.37747571 -7.37747570 -7.32690881 -7.32690881 -7.32252201 -7.31762194 -5.16905855 -5.16905855 5.41442501 5.41442501 6.97860903 6.97860903 7.20055393 7.20343118 9.21079188 9.21079189 11.56501891 11.56501891 11.71649392 11.71816141 11.95835583 11.95835584 18.07024084 18.07214390 18.07214391 18.07537404 21.84223752 21.84223753 25.55023562 25.55023562 26.59568665
  68 0.30594668 -7.80394933 -7.80394933 -7.80155820 -7.79649835 -7.37812041 -7.37812040 -7.32847276 -7.32847276 -7.32176969 -7.31616984 -5.08978759 -5.08978759 4.95664943 4.95664944 6.89362977 6.89362978 7.11541279 7.11858294 9.26024551 9.26024551 11.69394316 11.69394316 11.84148955 11.84325694 12.28058534 12.28058535 17.96981976 17.97097034 17.97097034 17.97558848 21.89519961 21.89519961 25.55117468 25.55117468 26.91153851
  69 0.30999961 -7.80520200 -7.80520200 -7.80144371 -7.79588298 -7.37878563 -7.37878562 -7.33014696 -7.33014696 -7.32080393 -7.31464475 -4.99752459 -4.99752459 4.50271145 4.50271145 6.80493284 6.80493284 7.02597182 7.02933502 9.25708382 9.25708382 11.82140579 11.82140579 11.96750298 11.96930376 12.65261339 12.65261340 17.89762839 17.89762839 17.89810268 17.90437169 21.92560742 21.92560742 25.57727590 25.57727590 27.20789834
  70 0.31405254 -7.80657925 -7.80657925 -7.80123791 -7.79531657 -7.37943841 -7.37943841 -7.33187510 -7.33187510 -7.31964591 -7.31308138 -4.89306413 -4.89306413 4.05669117 4.05669117 6.71509038 6.71509038 6.93521561 6.93867926 9.21828338 9.21828338 11.94207847 11.94207848 12.08691353 12.08869808 13.05698027 13.05698027 17.86497088 17.86497088 17.86817529 17.87481535 21.92943037 21.92943037 25.63481911 25.63481911 27.44911645
  71 0.31810547 -7.80805068 -7.80805068 -7.80094808 -7.79481456 -7.38005037 -7.38005036 -7.33360677 -7.33360677 -7.31832236 -7.31151596 -4.77741265 -4.77741265 3.62194554 3.62194554 6.62640152 6.62640152 6.84563538 6.84911468 9.15775704 9.15775704 12.05025138 12.05025138 12.19299624 12.19473174 13.48083342 13.48083343 17.88381129 17.88381129 17.89100551 17.89789324 21.90435660 21.90435660 25.72777753 25.72777753 27.59483390
  72 0.32215840 -7.80958200 -7.80958200 -7.80058308 -7.79439000 -7.38059964 -7.38059963 -7.33529834 -7.33529834 -7.31686508 -7.30998549 -4.65184881 -4.65184880 3.20149672 3.20149673 6.54080373 6.54080373 6.75925756 6.76267525 9.08584747 9.08584747 12.14120170 12.14120170 12.28068816 12.28235514 13.91513842 13.91513843 17.96243795 17.96243795 17.97488878 17.98190810 21.84912681 21.84912681 25.85616423 25.85616423 27.60603431
  73 0.32621133 -7.81113576 -7.81113576 -7.80015296 -7.79405316 -7.38107202 -7.38107202 -7.33691297 -7.33691297 -7.31531014 -7.30852700 -4.51800646 -4.51800646 2.79828861 2.79828862 6.45988097 6.45988097 6.67770192 6.68098772 9.00992237 9.00992237 12.21211255 12.21211255 12.34723998 12.34882639 14.35324772 14.35324772 18.10619105 18.10619105 18.12498854 18.13203394 21.76378554 21.76378555 26.01419224 26.01419225 27.45756939
  74 0.33026426 -7.81267233 -7.81267233 -7.79966858 -7.79381127 -7.38146113 -7.38146113 -7.33842018 -7.33842017 -7.31369703 -7.30717667 -4.37798628 -4.37798628 2.41541200 2.41541201 6.38490551 6.38490552 6.60224804 6.60533816 8.93509982 8.93509983 12.26248485 12.26248485 12.39247740 12.39397208 14.78959935 14.78959935 18.31731540 18.31731540 18.34321692 18.35019724 21.65021262 21.65021263 26.18951421 26.18951422 27.14928528
  75 0.33431719 -7.81415107 -7.81415106 -7.79914130 -7.79366850 -7.38176771 -7.38176771 -7.33979512 -7.33979512 -7.31206746 -7.30596888 -4.23450109 -4.23450109 2.05633214 2.05633215 6.31688787 6.31688787 6.53389846 6.53673528 8.86485647 8.86485647 12.29399711 12.29399711 12.41852440 12.41991222 15.21866010 15.21866011 18.59522889 18.59522889 18.62859123 18.63543177 21.51227694 21.51227694 26.36399178 26.36399178 26.70498277
  76 0.33837012 -7.81553164 -7.81553163 -7.79858278 -7.79362600 -7.38199821 -7.38199821 -7.34101798 -7.34101798 -7.31046412 -7.30493523 -4.09105352 -4.09105352 1.72512638 1.72512638 6.25662391 6.25662391 6.47343342 6.47596546 8.80149653 8.80149653 12.30992122 12.30992122 12.42909571 12.43035586 15.63402954 15.63402954 18.93712788 18.93712789 18.97794673 18.98458827 21.35561637 21.35561637 26.15262765 26.15262765 26.23926833
  77 0.34242306 -7.81677544 -7.81677544 -7.79800475 -7.79368210 -7.38216305 -7.38216305 -7.34207330 -7.34207329 -7.30892936 -7.30410360 -3.95212753 -3.95212753 1.42671797 1.42671798 6.20473521 6.20473522 6.42145567 6.42363775 8.74650284 8.74650284 12.31434769 12.31434769 12.42864157 12.42974871 16.02758095 16.02758095 19.33865173 19.33865173 19.38669455 19.39308917 21.18751435 21.18751435 25.53515840 25.53515841 25.62352389
  78 0.34647599 -7.81784698 -7.81784698 -7.79741894 -7.79383267 -7.38227468 -7.38227468 -7.34294942 -7.34294941 -7.30750389 -7.30349720 -3.82333620 -3.82333620 1.16705314 1.16705315 6.16170151 6.16170151 6.37842566 6.38021920 8.70079401 8.70079401 12.31147373 12.31147373 12.42160832 12.42253533 16.38853889 16.38853890 19.79419493 19.79419493 19.84927937 19.85538318 21.01736984 21.01736984 24.87532555 24.87532555 24.96444661
  79 0.35052892 -7.81871515 -7.81871514 -7.79683707 -7.79407145 -7.38234573 -7.38234573 -7.34363795 -7.34363794 -7.30622550 -7.30313379 -3.71140013 -3.71140013 0.95309981 0.95309982 6.12788577 6.12788577 6.34468827 6.34606173 8.66491018 8.66491018 12.30509104 12.30509104 12.41193708 12.41265825 16.70252690 16.70252690 20.29551152 20.29551152 20.35892722 20.36468748 20.85877803 20.85877804 24.19739384 24.19739384 24.28619112
  80 0.35458185 -7.81935441 -7.81935441 -7.79627077 -7.79439046 -7.38238751 -7.38238751 -7.34413320 -7.34413320 -7.30512789 -7.30302493 -3.62375024 -3.62375024 0.79246533 0.79246534 6.10355299 6.10355299 6.32049264 6.32142189 8.63914650 8.63914650 12.29828684 12.29828684 12.40279225 12.40328599 16.95106134 16.95106134 20.69515696 20.69515697 20.86488674 20.86488674 20.90536055 20.91067736 23.52316778 23.52316778 23.61135568
  81 0.35863478 -7.81974579 -7.81974578 -7.79573162 -7.79478042 -7.38240885 -7.38240885 -7.34443161 -7.34443161 -7.30423967 -7.30317553 -3.56754618 -3.56754618 0.69242638 0.69242638 6.08888356 6.08888356 6.30600621 6.30647496 8.62364838 8.62364839 12.29330395 12.29330395 12.39644950 12.39670039 17.11292250 17.11292250 20.61869830 20.61869831 21.40239595 21.40239595 21.46076595 21.46524341 22.88666559 22.88666559 22.97619788
  82 0.36268771 -7.81987756 -7.81987756 -7.79523109 -7.79523109 -7.38241533 -7.38241533 -7.34453128 -7.34453127 -7.30358351 -7.30358351 -3.54814244 -3.54814244 0.65840386 0.65840386 6.08398229 6.08398229 6.30132419 6.30132419 8.61847700 8.61847700 12.29149297 12.29149297 12.39426916 12.39426916 17.16945074 17.16945074 20.58636244 20.58636245 21.76648154 21.76648154 21.82147857 21.82147857 22.49361527 22.49361527 22.59228889
  83 0.36599691 -7.82265569 -7.81741481 -7.79504572 -7.79500707 -7.38675101 -7.37815901 -7.34559251 -7.34335712 -7.30361973 -7.30361860 -3.54459003 -3.54405636 0.65928858 0.66242518 6.04607391 6.05881727 6.27027536 6.27173491 8.66619363 8.67875718 12.29755201 12.29838222 12.40257074 12.40276403 17.13872431 17.15149463 20.47838558 20.51089192 21.67624597 21.69560012 21.72790701 21.75410980 22.61894848 22.65724421 22.73589376
  84 0.36930612 -7.82560841 -7.81541169 -7.79456029 -7.79426689 -7.39111312 -7.37403393 -7.34652230 -7.34208735 -7.30372915 -7.30372031 -3.53342283 -3.53237827 0.66495593 0.67127717 5.93125194 5.95731545 6.20422780 6.21116653 8.80854479 8.83139627 12.30286201 12.30493354 12.44169020 12.44287599 17.06093733 17.08538568 20.21285347 20.26872151 21.53512717 21.54079829 21.61961550 21.64547398 22.88176248 22.94632084 23.10647520
  85 0.37261532 -7.82862258 -7.81396186 -7.79386287 -7.79295953 -7.39544845 -7.37009068 -7.34729996 -7.34073889 -7.30391052 -7.30388161 -3.51473704 -3.51322620 0.67507935 0.68468109 5.74084949 5.77537167 6.13691245 6.14845942 9.01470147 9.04524889 12.29266160 12.29581688 12.52936259 12.53216676 16.93982887 16.97390027 19.84917921 19.91742834 21.37562008 21.40362129 21.57857934 21.58708241 23.20720646 23.27753913 23.57519333
  86 0.37592453 -7.83161481 -7.81305844 -7.79301809 -7.79113824 -7.39970471 -7.36637941 -7.34790107 -7.33932914 -7.30415918 -7.30409361 -3.48870695 -3.48679440 0.68911626 0.70214128 5.50470105 5.54405674 6.06584700 6.08083726 9.25501148 9.29152442 12.27136562 12.27544205 12.66473194 12.67007924 16.78121025 16.82209349 19.44024713 19.51439390 21.24193517 21.28207445 21.57771831 21.58045989 23.56604671 23.63841134 24.08004327
  87 0.37923373 -7.83452598 -7.81260351 -7.79207226 -7.78894919 -7.40383199 -7.36295235 -7.34829434 -7.33787709 -7.30446716 -7.30434600 -3.45559359 -3.45336124 0.70628816 0.72292325 5.24819132 5.29108898 5.98403320 6.00216915 9.50794360 9.54963092 12.24538256 12.25058787 12.84473907 12.85413604 16.59279950 16.63710091 19.01542608 19.09235958 21.13961500 21.18464973 21.60110411 21.60269158 23.94279674 24.01644720 24.60091391
  88 0.38254294 -7.83731496 -7.81246631 -7.79105885 -7.78657103 -7.40778435 -7.35986942 -7.34843581 -7.33640432 -7.30482339 -7.30462745 -3.41575627 -3.41330005 0.72555671 0.74602593 4.98700527 5.03308896 5.88894371 5.91003567 9.75951715 9.80630647 12.21932163 12.22629237 13.06676073 13.08239086 16.38404761 16.42778526 18.58925155 18.66734239 21.06595186 21.11245813 21.63991778 21.64177864 24.32680010 24.40160775 25.12667369
  89 0.38585214 -7.83995374 -7.81253086 -7.79000258 -7.78416480 -7.41152129 -7.35720630 -7.34826091 -7.33493577 -7.30521445 -7.30492594 -3.36966693 -3.36709298 0.74560241 0.77015342 4.73128269 4.78057207 5.78018667 5.80400638 10.00149519 10.05383843 12.19713666 12.20689563 13.32548807 13.35059677 16.16642442 16.20469367 18.16937727 18.24755327 21.01600173 21.06215396 21.68928175 21.69199791 24.70902801 24.78489148 25.64812100
  90 0.38916134 -7.84242362 -7.81271151 -7.78892223 -7.78185583 -7.41500911 -7.35505042 -7.34768913 -7.33349974 -7.30562562 -7.30522902 -3.31792737 -3.31534795 0.76481868 0.79369809 4.48832039 4.54099115 5.65836161 5.68464543 10.22994040 10.28866418 12.18253777 12.19634672 13.60942942 13.64926512 15.95503757 15.98139082 17.76051624 17.83782431 20.98396235 21.02872062 21.74644036 21.75054015 25.08084906 25.15745722 26.15530655
  91 0.39247055 -7.84471252 -7.81295022 -7.78783256 -7.77973426 -7.41822176 -7.35344298 -7.34668367 -7.33212665 -7.30604218 -7.30552417 -3.26128977 -3.25881877 0.78134344 0.81475707 4.26395229 4.32021635 5.52466813 5.55313504 10.44398875 10.51016304 12.17897623 12.19819882 13.89467240 13.95823894 15.77000122 15.78292928 17.36659549 17.44188372 20.96381779 21.00654420 21.81014988 21.81615298 25.43296066 25.50962969 26.63583979
  92 0.39577975 -7.84681287 -7.81320924 -7.78674569 -7.77786044 -7.42114120 -7.35229156 -7.34534111 -7.33084651 -7.30645090 -7.30579938 -3.20068004 -3.19842844 0.79316056 0.83121706 4.06321161 4.12322613 5.38074011 5.41110561 10.64469401 10.71950647 12.18950551 12.21549652 14.13294449 14.23304494 15.63076964 15.67468529 16.99311961 17.06458052 20.94959986 20.98982127 21.88037955 21.88875651 25.75332387 25.82878417 27.07366935
  93 0.39908896 -7.84872007 -7.81346475 -7.78567221 -7.77627006 -7.42375721 -7.35141705 -7.34384727 -7.32968554 -7.30684113 -7.30604417 -3.13722323 -3.13529425 0.79830867 0.84095202 3.89055321 3.95434135 5.22854088 5.26052374 10.83404513 10.91867021 12.21661256 12.25058718 14.25114153 14.38869736 15.61663545 15.70672001 16.65422644 16.71860721 20.93546964 20.97270442 21.95816901 21.96932470 26.02275040 26.09473972 27.44965000
  94 0.40239816 -7.85043135 -7.81370233 -7.78462218 -7.77497813 -7.42606654 -7.35067935 -7.34235388 -7.32866273 -7.30720515 -7.30625097 -3.07226843 -3.07075242 0.79521741 0.84216717 3.74975259 3.81714732 5.07027669 5.10359658 11.01429480 11.10974602 12.26199817 12.30485077 14.21845486 14.36689250 15.72185736 15.84345659 16.41071540 16.46891539 20.91575978 20.94937842 22.04551094 22.05980774 26.20750265 26.27219327 27.74905144
  95 0.40570736 -7.85194500 -7.81391387 -7.78360622 -7.77398216 -7.42807179 -7.35001124 -7.34094636 -7.32778763 -7.30753777 -7.30641656 -3.00740858 -3.00637733 0.78313793 0.83386783 3.64357041 3.71421266 4.90832612 4.94268910 11.18761504 11.29459087 12.32621473 12.37829089 14.08608113 14.22574518 15.66955049 15.78826998 16.48147260 16.55453003 20.88504847 20.91415164 22.14520922 22.16303955 26.25655756 26.30903488 27.97983182
  96 0.40901657 -7.85325979 -7.81409545 -7.78263684 -7.77326471 -7.42977977 -7.34939412 -7.33966821 -7.32706013 -7.30783528 -7.30654254 -2.94448740 -2.94398682 0.76254989 0.81633281 3.57332659 3.64675353 4.74519782 4.78026371 11.35596871 11.47475202 12.40795187 12.46882330 13.91176254 14.03767936 15.42401698 15.52584082 16.83687049 16.91918990 20.83827352 20.86159203 22.26073748 22.28265048 26.12886000 26.16651247 28.18198139
  97 0.41232577 -7.85437469 -7.81424594 -7.78173009 -7.77279568 -7.43120000 -7.34883363 -7.33854418 -7.32647241 -7.30809463 -7.30663448 -2.88565191 -2.88555111 0.73536768 0.79138634 3.53858056 3.61442521 4.58353826 4.61885742 11.52102109 11.65153906 12.50243465 12.57081273 13.73009234 13.84034515 15.13999066 15.23209695 17.27016016 17.36177950 20.77081838 20.78685374 22.39612977 22.42301346 25.83906943 25.86387074 28.40466149
  98 0.41563498 -7.85528872 -7.81436584 -7.78090757 -7.77253387 -7.43234311 -7.34834508 -7.33759249 -7.32601237 -7.30831278 -7.30669978 -2.83351209 -2.83291295 0.70480569 0.76228906 3.53704443 3.61536305 4.42623167 4.46112399 11.68389715 11.82606035 12.59742274 12.67177028 13.56600919 13.65800017 14.85970906 14.94418524 17.71629274 17.82152355 20.67741580 20.68779817 22.55579974 22.58914509 25.44611118 25.46187959 28.65488737
  99 0.41894418 -7.85600091 -7.81445657 -7.78019867 -7.77242837 -7.43321954 -7.34794548 -7.33682965 -7.32566744 -7.30848670 -7.30674529 -2.78988515 -2.78881113 0.67489943 0.73322918 3.56458335 3.64641848 4.27670364 4.31003390 11.84451841 11.99898547 12.66452145 12.74626868 13.44634863 13.52423353 14.59720491 14.67310552 18.14276205 18.26841069 20.54950425 20.57075846 22.74376630 22.78616889 25.01000479 25.01913795 28.91603258
 100 0.42225339 -7.85651037 -7.81451981 -7.77964172 -7.77242052 -7.43383840 -7.34764951 -7.33627115 -7.32542740 -7.30861348 -7.30677580 -2.75688532 -2.75543302 0.64981822 0.70857119 3.61454186 3.70322951 4.13975606 4.16972065 11.99971686 12.16958367 12.66252821 12.75452705 13.39618505 13.48914675 14.36571962 14.42888440 18.51705745 18.67272569 20.39386380 20.44127304 22.96037878 23.01694488 24.57587531 24.58372707 29.16565473
 101 0.42556259 -7.85681637 -7.81455706 -7.77928100 -7.77244954 -7.43420676 -7.34746777 -7.33593011 -7.32528558 -7.30869065 -7.30679364 -2.73628867 -2.73459217 0.63315132 0.69208007 3.67347280 3.77834918 4.02335561 4.05087277 12.13616568 12.33151418 12.59744242 12.67870453 13.41886295 13.53995429 14.19198173 14.23229081 18.79195538 18.98690675 20.23905945 20.32341102 23.18740756 23.27032608 24.18411074 24.21303156 29.37292360
 102 0.42887179 -7.85691842 -7.81456935 -7.77915541 -7.77246580 -7.43432905 -7.34740651 -7.33581538 -7.32523863 -7.30871657 -7.30679956 -2.72928347 -2.72750249 0.62731251 0.68628640 3.70562985 3.83446175 3.95621940 3.99620338 12.20278050 12.43060039 12.55972579 12.59163627 13.44592166 13.58029599 14.13123092 14.13796076 18.89813423 19.11733663 20.16364332 20.27140955 23.31645649 23.43304530 23.97259032 24.03377899 29.47495179
 103 0.43121175 -7.85686680 -7.81463268 -7.77918219 -7.77248852 -7.43417935 -7.34789233 -7.33536416 -7.32521801 -7.30897346 -7.30656995 -2.72970698 -2.72793351 0.62615031 0.68485035 3.71042578 3.83895042 3.95977034 3.99964753 12.16047200 12.38245594 12.47522532 12.49560142 13.54874027 13.67081362 14.18439617 14.18442591 18.89910417 19.11841549 20.16583479 20.27355968 23.31463023 23.43068575 23.96928769 24.03023631 29.45426913
 104 0.43355172 -7.85671192 -7.81482315 -7.77926059 -7.77255647 -7.43373234 -7.34917131 -7.33419270 -7.32515311 -7.30954650 -7.30607874 -2.73096584 -2.72921471 0.62270555 0.68059319 3.72472367 3.85233222 3.97037934 4.00993564 12.04386041 12.25249223 12.27815733 12.28402223 13.78092623 13.88651224 14.31302923 14.32884996 18.90203808 19.12167792 20.17250057 20.28009716 23.30915820 23.42362868 23.95948070 24.01971218 29.38869546
 105 0.43589168 -7.85645380 -7.81514210 -7.77938488 -7.77266903 -7.43299414 -7.35093350 -7.33262401 -7.32503298 -7.31023928 -7.30552238 -2.73302539 -2.73131099 0.61710114 0.67366428 3.74825630 3.87435560 3.98791445 4.02693427 11.87419471 12.03353519 12.03729305 12.07382846 14.06304599 14.15842336 14.50132963 14.53499193 18.90701110 19.12720362 20.18392090 20.29128882 23.30005332 23.41193080 23.94346524 24.00251106 29.26964551
 106 0.43823164 -7.85609247 -7.81559142 -7.77954601 -7.77282514 -7.43197476 -7.35296496 -7.33090163 -7.32483152 -7.31098330 -7.30496940 -2.73582930 -2.73416523 0.60953333 0.66430091 3.78058593 3.90460472 4.01215387 4.05041988 11.66957510 11.77719700 11.78632984 11.86490732 14.36622565 14.45573166 14.72858977 14.77877165 18.91415814 19.13513235 20.20058342 20.30759809 23.28731353 23.39566038 23.92171224 23.97911671 29.08929524
 107 0.44057160 -7.85562804 -7.81617312 -7.77973234 -7.77302336 -7.43068776 -7.35515130 -7.32920514 -7.32448821 -7.31175275 -7.30444570 -2.73930154 -2.73770038 0.60026018 0.65281272 3.82111388 3.94250312 4.04278309 4.08007709 11.44193691 11.51854212 11.54359270 11.64324747 14.67971736 14.76573006 14.98030431 15.04503919 18.92368962 19.14567469 20.22321473 20.32971363 23.27088868 23.37486096 23.89483660 23.95015920 28.84711824
 108 0.44291156 -7.85506077 -7.81688870 -7.77993051 -7.77326182 -7.42914985 -7.35743329 -7.32772851 -7.32387417 -7.31253455 -7.30396452 -2.74334899 -2.74182211 0.58958733 0.63956298 3.86909067 3.98731628 4.07939074 4.11549679 11.20262661 11.26346812 11.31137435 11.41727248 14.99816242 15.08198693 15.24697322 15.32455820 18.93591582 19.15912742 20.25282547 20.35858984 23.25063884 23.34950593 23.86355708 23.91637271 28.54760741
 109 0.44525152 -7.85439110 -7.81773852 -7.78012649 -7.77353822 -7.42738037 -7.35977925 -7.32666935 -7.32283023 -7.31332019 -7.30353465 -2.74786451 -2.74642191 0.57785280 0.62494906 3.92362462 4.03815136 4.12146307 4.15617415 10.96241515 11.01516338 11.08735465 11.19226862 15.31788314 15.40024720 15.52215046 15.61124037 18.95128231 19.17589344 20.29076846 20.39549861 23.22628928 23.31945010 23.82864908 23.87854627 28.20692836
 110 0.44759148 -7.85361977 -7.81872120 -7.78030659 -7.77384990 -7.42540076 -7.36217177 -7.32602057 -7.32138842 -7.31410317 -7.30316302 -2.75273031 -2.75138050 0.56541213 0.60938386 3.98368737 4.09395262 4.16837707 4.20150710 10.72789974 10.77574714 10.87075180 10.97176011 15.63559522 15.71691892 15.80106577 15.90049708 18.97041910 19.19650472 20.33880642 20.44208926 23.19739012 23.28438630 23.79089083 23.83746810 27.83757644
 111 0.44993144 -7.85274787 -7.81983315 -7.78045833 -7.77419378 -7.42323396 -7.36460130 -7.32560112 -7.31974742 -7.31487805 -7.30285567 -2.75782144 -2.75657145 0.55262491 0.59327963 4.04811565 4.15349275 4.21939199 4.25079509 10.50263771 10.54687341 10.66246021 10.75832643 15.94783594 16.02842452 16.07979804 16.18829186 18.99420480 19.22164402 20.39917931 20.50044780 23.16329290 23.24381906 23.75100035 23.79386105 27.44918380
 112 0.45227140 -7.85177695 -7.82106823 -7.78057121 -7.77456639 -7.42090380 -7.36706293 -7.32527941 -7.31805205 -7.31564010 -7.30261818 -2.76300925 -2.76186467 0.53984329 0.57703476 4.11561029 4.21536419 4.27363950 4.30323539 10.28889261 10.33000276 10.46397892 10.55404859 16.25065228 16.33089511 16.35479268 16.47054324 19.02384170 19.25215396 20.47464907 20.57313721 23.12316334 23.19707302 23.70955589 23.74830156 27.04903531
 113 0.45461136 -7.85070909 -7.82241777 -7.78063708 -7.77496392 -7.41843439 -7.36955464 -7.32499433 -7.31638511 -7.31637378 -7.30245582 -2.76816482 -2.76712985 0.52740288 0.56102385 4.18473541 4.27798213 4.33011227 4.35790869 10.08844546 10.12654010 10.27697773 10.36075985 16.53947957 16.62004974 16.62253711 16.74271236 19.06092104 19.28900998 20.56848070 20.66318483 23.07605819 23.14336157 23.66688256 23.70110501 26.64285015
 114 0.45695132 -7.84954701 -7.82387066 -7.78065037 -7.77538219 -7.41584962 -7.37207622 -7.32471802 -7.31710938 -7.31474872 -7.30237369 -2.77316204 -2.77223967 0.51561575 0.54559072 4.25392275 4.33962145 4.38765111 4.41373769 9.90292067 9.93790969 10.10318809 10.18019141 16.80939495 16.87915051 16.89121772 16.99955965 19.10741973 19.33321130 20.68429802 20.77396578 23.02110342 23.08194842 23.62286890 23.65214156 26.23558891
 115 0.45929128 -7.84829412 -7.82541382 -7.78060800 -7.77581670 -7.41317258 -7.37462860 -7.32443638 -7.31780967 -7.31319758 -7.30237666 -2.77788059 -2.77707272 0.50476565 0.53104389 4.32148847 4.39850772 4.44493162 4.46940733 9.73392047 9.76559443 9.94438700 10.01405652 17.05593987 17.11974019 17.13950643 17.23517254 19.16549935 19.38551676 20.82574603 20.90892333 22.95781393 23.01243688 23.57663547 23.60050767 25.83225322
 116 0.46163124 -7.84695466 -7.82703263 -7.78050914 -7.77626263 -7.41042515 -7.37721325 -7.32414127 -7.31848319 -7.31173361 -7.30246942 -2.78220843 -2.78151612 0.49510477 0.51765424 4.38566952 4.45294063 4.50045383 4.52328030 9.58307451 9.61114842 9.80239224 9.86409246 17.27580494 17.33830172 17.36014236 17.44341888 19.23689998 19.44593775 20.99593100 21.07109136 22.88657864 22.93520722 23.52588809 23.54389784 25.43886841
 117 0.46397120 -7.84553371 -7.82871149 -7.78035488 -7.77671492 -7.40762758 -7.37983182 -7.32382743 -7.31912769 -7.31036590 -7.30265642 -2.78604414 -2.78546780 0.48685193 0.50565398 4.44468371 4.50137213 4.55254412 4.57339869 9.45203974 9.47618357 9.67904050 9.73206729 17.46651372 17.52900062 17.54897530 17.61890036 19.32176331 19.51295149 21.19670992 21.26245751 22.80928305 22.85197935 23.46561846 23.47738246 25.06152757
 118 0.46631117 -7.84403734 -7.83043441 -7.78014785 -7.77716823 -7.40479822 -7.38248567 -7.32349108 -7.31974137 -7.30910088 -7.30294183 -2.78929876 -2.78883834 0.48019180 0.49523684 4.49680915 4.54239630 4.59938685 4.61762731 9.34246166 9.36232821 9.57613691 9.61975197 17.62608730 17.68759625 17.70295731 17.75819957 19.41709700 19.58258027 21.42801473 21.48329973 22.72993912 22.76639592 23.38570009 23.39127048 24.71407152
 119 0.46865113 -7.84247260 -7.83218540 -7.77989185 -7.77761704 -7.40195328 -7.38517557 -7.32312929 -7.32032296 -7.30794305 -7.30332942 -2.79189744 -2.79155263 0.47527472 0.48655882 4.54047202 4.57471434 4.63910512 4.65388020 9.25590129 9.27115577 9.49537269 9.52885739 17.75332264 17.81188012 17.82019387 17.86085576 19.51572972 19.64778390 21.68739170 21.73164772 22.65504139 22.68440054 23.26824374 23.26909775 24.42055635
 120 0.47099109 -7.84084766 -7.83394894 -7.77959150 -7.77805566 -7.39910669 -7.38790130 -7.32273972 -7.32087170 -7.30689536 -7.30382253 -2.79378065 -2.79355107 0.47221701 0.47973932 4.57433188 4.59715622 4.66989899 4.68034027 9.19373487 9.20408658 9.43821581 9.46093881 17.84800451 17.89919222 17.90134702 17.92959965 19.60678440 19.69884211 21.96970667 22.00285094 22.59321365 22.61404624 23.09213699 23.09234218 24.20774317
 121 0.47333105 -7.83917179 -7.83571024 -7.77925204 -7.77847829 -7.39627003 -7.39066133 -7.32232045 -7.32138732 -7.30595944 -7.30442395 -2.79490516 -2.79479046 0.47110144 0.47486236 4.59736031 4.60876630 4.69022472 4.69563691 9.15703976 9.16227313 9.40578954 9.41727799 17.91057285 17.93873052 17.95653255 17.96867248 19.67796923 19.72526531 22.26643946 22.28869548 22.55373980 22.56428042 22.85305767 22.85790116 24.08816677
 122 0.47567101 -7.83745545 -7.83745544 -7.77887904 -7.77887904 -7.39345257 -7.39345257 -7.32187002 -7.32187001 -7.30513580 -7.30513579 -2.79524472 -2.79524472 0.47197764 0.47197765 4.60891036 4.60891036 4.69897770 4.69897770 9.14648817 9.14648817 9.39876267 9.39876267 17.94125440 17.94125441 17.97845261 17.97845261 19.71905618 19.71905618 22.53751563 22.53751563 22.54712481 22.54712481 22.60758697 22.60758698 24.05327067
