1 0  -22.165052 -10.162972 -5.7285511 -5.7284316 5.7063313 5.7064659 8.9032185 10.140799 10.48934 10.843464 33.943465 33.943572 34.06912 45.499746 45.499823 53.694104
2 0.0058673804  -22.16138 -10.158599 -5.7438818 -5.7366734 5.7103621 5.7228581 8.8907896 10.14732 10.493862 10.848183 33.921775 33.930467 34.060483 45.492527 45.527217 53.68085
3 0.011734761  -22.150366 -10.145482 -5.7897284 -5.7611436 5.7218306 5.7721655 8.8535973 10.16701 10.507405 10.862357 33.857072 33.89156 34.034864 45.470603 45.60911 53.625799
4 0.017602141  -22.13201 -10.123626 -5.8653791 -5.8013794 5.7399242 5.8537617 8.7919214 10.200239 10.529906 10.886035 33.75118 33.82729 33.993129 45.433709 45.744064 53.521991
5 0.023469522  -22.106313 -10.093042 -5.9697431 -5.8565956 5.7632096 5.9668079 8.7062178 10.247579 10.56126 10.919305 33.606842 33.738486 33.93667 45.381335 45.929639 53.37466
6 0.029336902  -22.073277 -10.053742 -6.101387 -5.9257599 5.7898629 6.1101961 8.5971037 10.309737 10.601325 10.962291 33.427573 33.626262 33.867333 45.312793 46.16215 53.188953
7 0.035204283  -22.032906 -10.005747 -6.2586127 -6.0076489 5.8178296 6.2826045 8.4653407 10.387475 10.64993 11.015159 33.217408 33.491963 33.787316 45.227254 46.436422 52.969535
8 0.041071663  -21.985202 -9.9490777 -6.4395379 -6.100907 5.8449978 6.4825556 8.311815 10.481504 10.706884 11.078116 32.980657 33.337121 33.699049 45.123785 46.745509 52.721077
9 0.046939043  -21.930173 -9.8837643 -6.6421742 -6.2041035 5.8693669 6.708472 8.1375172 10.592376 10.771998 11.151412 32.721689 33.163411 33.605053 45.001389 47.080426 52.4483
10 0.052806424  -21.867827 -9.8098408 -6.864494 -6.315783 5.8891926 6.9587247 7.9435218 10.720335 10.845162 11.235338 32.444765 32.972604 33.507783 44.859062 47.429969 52.155839
11 0.058673804  -21.798175 -9.7273483 -7.1044863 -6.4345064 5.9030919 7.2316726 7.730967 10.864707 10.926903 11.330229 32.153916 32.766535 33.409473 44.695839 47.780727 51.84806
12 0.064541185  -21.721228 -9.636335 -7.360198 -6.5588827 5.9101016 7.5010361 7.5256921 11.005483 11.03678 11.43646 31.852867 32.547074 33.311962 44.510851 48.11743 51.528866
13 0.070408565  -21.637003 -9.5368573 -7.6297636 -6.687592 5.9096892 7.2549398 7.8391958 11.105174 11.211552 11.554446 31.545001 32.316094 33.216523 44.303379 48.423766 51.201515
14 0.076275946  -21.545519 -9.4289807 -7.911424 -6.8193992 5.9017226 6.9939015 8.1706436 11.207578 11.406444 11.684649 31.233345 32.075456 33.123689 44.072903 48.683703 50.868455
15 0.082143326  -21.446796 -9.3127813 -8.2035359 -6.9531621 5.8864119 6.7191448 8.5185457 11.316253 11.616735 11.827573 30.92058 31.826982 33.033067 43.819143 48.883206 50.531194
16 0.088010707  -21.340861 -9.1883467 -8.5045765 -7.0878339 5.8642367 6.4318844 8.8814598 11.431363 11.840965 11.983768 30.609057 31.572426 32.943152 43.542102 49.011989 50.19019
17 0.093878087  -21.227741 -9.0557785 -8.8131418 -7.2224624 5.8358701 6.1333188 9.2579828 11.55288 12.077793 12.153833 30.300827 31.313447 32.851138 43.242089 49.064848 49.844778
18 0.099745467  -21.107469 -9.1279425 -8.9151937 -7.3561857 5.8021087 5.8246276 9.6467399 11.680767 12.325847 12.338416 29.997667 31.051569 32.752744 42.919739 49.042203 49.493135
19 0.10561285  -20.980078 -9.4477986 -8.7667278 -7.4882277 5.5069697 5.7638131 10.04637 11.815017 12.53822 12.583706 29.701108 30.788139 32.642059 42.576018 48.949759 49.132289
20 0.11148023  -20.845609 -9.7716316 -8.6105381 -7.6178917 5.1814858 5.7218612 10.455506 11.955658 12.754005 12.8499 29.41247 30.524277 32.511479 42.212225 48.758173 48.797518
21 0.11734761  -20.704105 -10.098457 -8.4468075 -7.7445537 4.8493018 5.6771133 10.87276 12.102754 12.986585 13.122896 29.132881 30.260825 32.351768 41.829979 48.365762 48.598501
22 0.12321499  -20.555615 -10.427377 -8.2757502 -7.8676566 4.5115358 5.6303884 11.296695 12.256397 13.236837 13.401076 28.863305 29.998286 32.152369 41.431209 47.94928 48.36747
23 0.12908237  -20.400193 -10.757572 -8.0976185 -7.9867032 4.1693063 5.5824489 11.725804 12.416704 13.505696 13.682717 28.604564 29.736768 31.902049 41.018135 47.502527 48.119759
24 0.13494975  -20.237899 -11.088291 -8.101251 -7.9127115 3.8237438 5.5339926 12.158483 12.58381 13.794153 13.965952 28.357353 29.47592 31.589993 40.593248 47.019318 47.870116
25 0.14081713  -20.068804 -11.41885 -8.2109065 -7.7213864 3.4760043 5.4856502 12.592994 12.757849 14.103254 14.248744 28.122265 29.214869 31.207322 40.159296 46.494061 47.631307
26 0.14668451  -19.892988 -11.748614 -8.3153203 -7.5240743 3.127287 5.4379859 12.938947 13.02744 14.434085 14.528857 27.899798 28.952154 30.748856 39.719274 45.922448 47.41213
27 0.15255189  -19.710543 -12.076999 -8.4141828 -7.3212999 2.7788562 5.3915004 13.127205 13.45972 14.787766 14.803828 27.690371 28.685663 30.214723 39.276415 45.302223 47.214385
28 0.15841927  -19.521581 -12.403454 -8.50722 -7.1137083 2.4320691 5.3466357 13.322676 13.887493 15.070938 15.165423 27.494338 28.412574 29.611279 38.834194 44.633959 47.028394
29 0.16428665  -19.326236 -12.727455 -8.5941901 -6.9021009 2.0884121 5.3037806 13.525347 14.308138 15.327194 15.568166 27.311991 28.129307 28.95095 38.396331 43.921728 46.828607
30 0.17015403  -19.124677 -13.048491 -8.6748805 -6.6874841 1.7495487 5.2632754 13.735101 14.718708 15.569307 15.99704 27.143577 27.831511 28.250993 37.966803 43.173561 46.579151
31 0.17602141  -18.917117 -13.366045 -8.7491047 -6.4711341 1.417383 5.2254174 13.951681 15.115899 15.793675 16.452975 26.989299 27.514112 27.531553 37.549856 42.401575 46.262302
32 0.18188879  -18.703842 -13.679565 -8.8166998 -6.254685 1.094145 5.1904652 14.174632 15.496022 15.996381 16.936708 26.813614 26.849324 27.17147 37.150008 41.621681 45.899333
33 0.18775617  -18.485244 -13.988431 -8.877525 -6.0402459 0.78250439 5.1586428 14.403226 15.854998 16.173214 17.448686 26.117354 26.72379 26.7977 36.772047 40.852842 45.527377
34 0.19362355  -18.261889 -14.291873 -8.9314586 -5.8305524 0.48571752 5.1301428 14.636347 16.188381 16.319752 17.988942 25.461114 26.387199 26.612808 36.420999 40.115897 45.174325
35 0.19949093  -18.034647 -14.588852 -8.9783974 -5.6291533 0.20780939 5.1051294 14.872344 16.431533 16.491425 18.556935 24.860956 25.935393 26.516468 36.10206 39.43205 44.855903
36 0.20535832  -17.804949 -14.877793 -9.0182546 -5.4406144 -0.046227822 5.0837408 15.108824 16.504414 16.759206 19.151365 24.33061 25.439599 26.434844 35.820487 38.821242 44.580259
37 0.2112257  -17.575353 -15.156018 -9.0509588 -5.270682 -0.27027637 5.0660908 15.342347 16.535168 16.98681 19.76995 23.881559 24.899816 26.367991 35.581418 38.30069 44.35162
38 0.21709308  -17.350928 -15.418363 -9.076453 -5.1262767 -0.45710425 5.0522707 15.567923 16.52247 17.16958 20.409171 23.52309 24.319182 26.315952 35.389649 37.883916 44.172256
39 0.22296046  -17.142882 -15.653547 -9.0946936 -5.0150971 -0.59876553 5.0423501 15.777754 16.468713 17.303421 21.063953 23.262269 23.703982 26.27876 35.249351 37.580479 44.04344
40 0.22882784  -16.977916 -15.834815 -9.1056501 -4.9446043 -0.68761991 5.0363782 15.955662 16.386056 17.385108 21.726686 23.063809 23.103945 26.256436 35.163782 37.396351 43.965898
41 0.23469522  -16.909742 -15.908427 -9.1093043 -4.9204043 -0.71795253 5.0343844 16.04371 16.330021 17.412575 22.316232 22.481554 23.050875 26.248994 35.135021 37.334657 43.940011
42 0.23808272  -16.908694 -15.907372 -9.1148401 -4.9188996 -0.71848517 5.0421416 16.035836 16.330036 17.421961 22.30174 22.484455 23.052388 26.256926 35.120129 37.352526 43.952946
43 0.24147022  -16.905551 -15.904207 -9.1314069 -4.9143855 -0.72008945 5.0653731 16.012767 16.330071 17.449574 22.258778 22.493158 23.056919 26.280361 35.075832 37.405968 43.991123
44 0.24485772  -16.900313 -15.898935 -9.1588836 -4.9068624 -0.72278445 5.1039594 15.975984 16.330099 17.493956 22.188808 22.50767 23.064445 26.318287 35.003232 37.494498 44.052679
45 0.24824522  -16.892979 -15.891564 -9.1970723 -4.8963311 -0.72660194 5.1577049 15.927475 16.330074 17.553158 22.094049 22.527999 23.074928 26.36921 34.904043 37.617334 44.134603
46 0.25163271  -16.88355 -15.8821 -9.245703 -4.8827922 -0.73158626 5.2263432 15.869306 16.329932 17.625163 21.977214 22.55416 23.088315 26.431383 34.780426 37.773425 44.232847
47 0.25502021  -16.872025 -15.870554 -9.3044408 -4.8662471 -0.7377942 5.3095433 15.803345 16.329593 17.708165 21.84126 22.586167 23.104538 26.503007 34.634822 37.961495 44.342444
48 0.25840771  -16.858403 -15.856941 -9.3728935 -4.8466971 -0.7452948 5.4069178 15.731143 16.328955 17.800681 21.689184 22.624041 23.123514 26.58239 34.469783 38.180085 44.457614
49 0.26179521  -16.842686 -15.841276 -9.4506206 -4.8241438 -0.75416915 5.5180312 15.653929 16.327904 17.901553 21.523882 22.667805 23.145148 26.668028 34.287838 38.427603 44.571879
50 0.26518271  -16.824873 -15.82358 -9.5371424 -4.7985891 -0.76451007 5.6424086 15.572653 16.326305 18.009905 21.348069 22.717485 23.169331 26.758643 34.091391 38.702362 44.678191
51 0.26857021  -16.804963 -15.803876 -9.6319482 -4.7700352 -0.7764217 5.7795445 15.488039 16.324008 18.125081 21.164239 22.773109 23.195943 26.853168 33.882653 39.00262 44.769142
52 0.27195771  -16.782957 -15.782191 -9.7345056 -4.7384847 -0.79001906 5.9289102 15.400639 16.320849 18.246588 20.974654 22.834707 23.224856 26.950721 33.663606 39.326609 44.837307
53 0.27534521  -16.758855 -15.758558 -9.8442672 -4.70394 -0.80542744 6.0899616 15.31088 16.316648 18.374046 20.781354 22.902313 23.255936 27.050559 33.435982 39.672556 44.875728
54 0.27873271  -16.732657 -15.733014 -9.9606781 -4.6664044 -0.82278172 6.2621447 15.219095 16.311212 18.507154 20.586165 22.975961 23.289042 27.152035 33.201267 40.038699 44.878511
55 0.28212021  -16.704364 -15.705604 -10.083181 -4.6258809 -0.84222553 6.4449007 15.125547 16.304336 18.645653 20.39072 23.055685 23.324039 27.25456 32.960701 40.423291 44.841404
56 0.28550771  -16.673975 -15.676379 -10.211219 -4.5823732 -0.86391025 6.6376695 15.030453 16.295804 18.789307 20.196477 23.141521 23.360793 27.357562 32.715295 40.824598 44.76218
57 0.28889521  -16.641492 -15.645398 -10.344243 -4.5358851 -0.88799392 6.8398916 14.933991 16.285394 18.93788 20.004733 23.233505 23.399182 27.460461 32.465839 41.240897 44.640698
58 0.29228271  -16.606915 -15.612731 -10.481708 -4.4864207 -0.91463992 7.0510093 14.836313 16.272876 19.091127 19.816643 23.33167 23.439102 27.562639 32.212925 41.670458 44.478664
59 0.29567021  -16.570245 -15.578462 -10.623077 -4.4339844 -0.9440155 7.2704657 14.737554 16.258019 19.24877 19.633226 23.436049 23.480473 27.663423 31.956952 42.111533 44.279188
60 0.29905771  -16.531482 -15.542685 -10.767819 -4.378581 -0.97629018 7.497703 14.637833 16.240592 19.410494 19.455381 23.52325 23.546672 27.762068 31.698148 42.562338 44.046308
61 0.30244521  -16.490629 -15.505517 -10.91541 -4.3202155 -1.0116339 7.7321587 14.537258 16.22037 19.283895 19.575928 23.567431 23.663564 27.857744 31.436585 43.021033 43.784595
62 0.3058327  -16.447685 -15.467096 -11.065323 -4.2588933 -1.0502152 7.973261 14.435929 16.197137 19.119451 19.744636 23.613075 23.786747 27.949527 31.172192 43.485707 43.498869
63 0.3092202  -16.402653 -15.427584 -11.217029 -4.1946201 -1.0921989 8.2204222 14.33394 16.170694 18.962634 19.916097 23.660313 23.916235 28.036398 30.904781 43.194032 43.954358
64 0.3126077  -16.355534 -15.387181 -11.369989 -4.1274021 -1.1377444 8.47303 14.23138 16.140863 18.813938 20.089692 23.70937 24.052036 28.117236 30.63407 42.874975 44.424887
65 0.3159952  -16.30633 -15.346128 -11.52364 -4.0572456 -1.1870027 8.7304377 14.128333 16.107497 18.673767 20.264681 23.760583 24.194146 28.19082 30.359714 42.546531 44.895089
66 0.3193827  -16.255042 -15.30472 -11.677391 -3.9841575 -1.240115 8.9919508 14.024881 16.070493 18.542448 20.440182 23.814429 24.342554 28.255838 30.081345 42.213449 45.362656
67 0.3227702  -16.201672 -15.263322 -11.8306 -3.9081451 -1.2972099 9.2568117 13.921101 16.029796 18.420224 20.615148 23.871552 24.497233 28.310892 29.798616 41.880366 45.825188
68 0.3261577  -16.146222 -15.222384 -11.982559 -3.829216 -1.3584011 9.5241804 13.817069 15.98542 18.30727 20.788337 23.932787 24.658142 28.354513 29.511258 41.551769 46.280217
69 0.3295452  -16.088695 -15.18247 -12.132466 -3.7473783 -1.4237859 9.7931105 13.71286 15.937465 18.203687 20.958299 23.999189 24.825225 28.385181 29.21914 41.231958 46.725239
70 0.3329327  -16.029093 -15.144286 -12.279398 -3.6626406 -1.4934428 10.06252 13.608542 15.886135 18.109511 21.123357 24.072041 24.998404 28.401345 28.922332 40.924981 47.157761
71 0.3363202  -15.967418 -15.108714 -12.422265 -3.575012 -1.5674303 10.331157 13.504187 15.831773 18.024717 21.281627 24.152851 25.177581 28.401453 28.621173 40.634581 47.575355
72 0.3397077  -15.903674 -15.07686 -12.559777 -3.4845021 -1.6457849 10.597553 13.399861 15.774887 17.949223 21.431052 24.243309 25.362631 28.316329 28.383986 40.364125 47.97573
73 0.3430952  -15.837863 -15.050091 -12.690393 -3.3911212 -1.7285208 10.859971 13.295631 15.7162 17.882892 21.569495 24.345202 25.553404 28.00884 28.347495 40.116559 48.356797
74 0.3464827  -15.76999 -15.030066 -12.812296 -3.29488 -1.8156286 11.116341 13.19156 15.656699 17.825539 21.694873 24.460285 25.74972 27.700157 28.290648 39.894359 48.716744
75 0.3498702  -15.700056 -15.018727 -12.923397 -3.19579 -1.907075 11.36419 13.087711 15.597695 17.776934 21.805325 24.590112 25.951363 27.392154 28.21227 39.699511 49.054103
76 0.3532577  -15.628068 -15.018225 -13.021411 -3.0938633 -2.0028032 11.600565 12.984145 15.540881 17.736805 21.89938 24.735867 26.158083 27.087122 28.111397 39.533505 49.367811
77 0.3566452  -15.554027 -15.03073 -13.104047 -2.9891129 -2.1027329 11.821974 12.880921 15.488385 17.70484 21.976082 24.898248 26.369589 26.787738 27.987322 39.397352 49.657247
78 0.3600327  -15.47794 -15.058129 -13.169304 -2.8815525 -2.2067613 12.02438 12.778098 15.442763 17.680694 22.035036 25.077417 26.497025 26.585549 27.839642 39.291621 49.922258
79 0.36342019  -15.39981 -15.101666 -13.215836 -2.7711966 -2.3147639 12.2033 12.675732 15.406894 17.663984 22.076359 25.273053 26.218283 26.805584 27.668299 39.216479 50.163155
80 0.36680769  -15.319644 -15.161656 -13.243234 -2.6580608 -2.4265964 12.354088 12.573877 15.383693 17.654294 22.100569 25.484461 25.955024 27.02927 27.473613 39.171753 50.380689
81 0.37019519  -15.237465 -15.237401 -13.252093 -2.5421973 -2.5420602 12.472426 12.472636 15.375591 17.65117 22.108446 25.710627 25.710975 27.256036 27.256403 39.15698 50.575933
82 0.37697019  -15.429901 -15.066933 -13.220295 -2.7834755 -2.3020365 12.271743 12.601291 15.407828 17.662607 22.078814 25.294368 26.203955 26.758493 27.717494 39.214393 50.230775
83 0.38374519  -15.663234 -14.888418 -13.135705 -3.0370914 -2.0511863 12.073908 12.587367 15.490415 17.693688 21.994723 24.996908 26.189467 26.744394 28.184283 39.381107 49.936446
84 0.39052019  -15.922553 -14.70192 -13.012806 -3.3012865 -1.7896866 11.879274 12.456368 15.585047 17.738678 21.862347 24.840553 25.568946 27.325941 28.651123 39.647738 49.696627
85 0.39729519  -16.196941 -14.507509 -12.862184 -3.5742116 -1.5177394 11.688153 12.243019 15.650616 17.790087 21.686485 24.837707 24.921847 27.943998 29.11167 40.00373 49.51473
86 0.40407019  -16.479118 -14.305264 -12.690868 -3.853992 -1.2355748 11.500811 11.976789 15.660872 17.837749 21.470818 24.27692 24.987655 28.595395 29.559082 40.437554 49.393643
87 0.41084519  -16.764317 -14.095278 -12.503455 -4.1387844 -0.94345555 11.317466 11.678806 15.607647 17.867697 21.218271 23.665986 25.276766 29.27792 29.986341 40.936579 49.335383
88 0.41762018  -17.049359 -13.877654 -12.303022 -4.4268217 -0.64168021 11.13828 11.36355 15.495844 17.861414 20.931328 23.123268 25.682321 29.989872 30.386671 41.48668 49.340702
89 0.42439518  -17.332065 -13.652506 -12.09172 -4.7164454 -0.33058806 10.963354 11.040913 15.336703 17.797035 20.612258 22.683373 26.177739 30.72966 30.754017 42.071712 49.408686
90 0.43117018  -17.610885 -13.419966 -11.87113 -5.0061258 -0.010563119 10.717661 10.792723 15.14272 17.654804 20.263271 22.375585 26.736714 31.083527 31.495439 42.672992 49.536425
91 0.43794518  -17.884684 -13.180179 -11.642488 -5.2944712 0.31796142 10.398379 10.626355 14.924997 17.426225 19.886614 22.214883 27.335334 31.371935 32.284769 43.269163 49.718846
92 0.44472018  -18.152605 -12.933308 -11.406811 -5.5802299 0.65449883 10.086122 10.464145 14.692394 17.119687 19.484632 22.196726 27.952626 31.617798 33.094308 43.837139 49.948772
93 0.45149518  -18.413987 -12.679536 -11.164989 -5.8622855 0.9985044 9.7828628 10.305918 14.451612 16.756074 19.059808 22.301946 28.570318 31.821522 33.919544 44.35512 50.217232
94 0.45827018  -18.668303 -12.419068 -10.917835 -6.139648 1.349371 9.4898323 10.151418 14.207592 16.359033 18.614778 22.506972 29.172423 31.985199 34.754642 44.808046 50.514006
95 0.46504518  -18.915133 -12.152136 -10.666127 -6.4114433 1.7064247 9.207756 10.000315 13.963949 15.948293 18.152344 22.790944 29.744971 32.112297 35.592434 45.193502 50.828307
96 0.47182018  -19.154131 -11.879 -10.410633 -6.6769017 2.0689198 8.9370295 9.8521908 13.723331 15.537872 17.67547 23.13784 30.276047 32.207281 36.42461 45.523734 51.149509
97 0.47859517  -19.38501 -11.599954 -10.152127 -6.9353462 2.4360342 8.6778388 9.7065357 13.487681 15.136868 17.187284 23.535941 30.756137 32.275228 37.242146 45.821243 51.467807
98 0.48537017  -19.607533 -11.315336 -9.8914086 -7.1861815 2.8068642 8.43024 9.5627326 13.258426 14.75084 16.691063 23.976623 31.178675 32.321487 38.035912 46.110632 51.77474
99 0.49214517  -19.821495 -11.025532 -9.6293103 -7.4288841 3.1804189 8.1942113 9.4200389 13.036601 14.382983 16.190223 24.453276 31.540586 32.35141 38.797382 46.411483 52.063531
100 0.49892017  -20.026723 -10.730987 -9.3667069 -7.6629932 3.5556147 7.9696837 9.277564 12.822936 14.034978 15.688313 24.960512 31.842547 32.370163 39.519319 46.734523 52.329237
101 0.50569517  -20.22307 -10.432215 -9.1045214 -7.888103 3.9312693 7.7565594 9.1342434 12.617922 13.707551 15.189005 25.493619 32.088807 32.382593 40.196275 47.080673 52.514276
102 0.51247017  -20.410405 -10.129813 -8.8437296 -8.1038555 4.3060958 7.5547208 8.9888158 12.421855 13.400836 14.6961 26.048186 32.286495 32.39315 40.824827 47.441804 52.506956
103 0.51924517  -20.588616 -9.824474 -8.5853626 -8.309935 4.6786981 7.364036 8.839808 12.234882 13.114608 14.213533 26.619839 32.405842 32.4446 41.403525 47.802313 52.500892
104 0.52602017  -20.757603 -9.5170049 -8.5060626 -8.3305073 5.0475659 7.1843618 8.6855405 12.057035 12.848429 13.745366 27.204071 32.424206 32.572846 41.932603 48.141086 52.498952
105 0.53279516  -20.91728 -9.2083453 -8.6919922 -8.0803054 5.4110732 7.0155466 8.5241718 11.888278 12.601741 13.29577 27.796114 32.451285 32.680693 42.413556 48.433774 52.503995
106 0.53957016  -21.067569 -8.8995893 -8.8675065 -7.8359505 5.7674774 6.8574329 8.3538046 11.728534 12.373928 12.868944 28.390877 32.489602 32.776587 42.848699 48.655547 52.518734
107 0.54634516  -21.208402 -9.032414 -8.5920102 -7.5986829 6.114924 6.7098624 8.172679 11.577733 12.164352 12.468964 28.982922 32.541129 32.867483 43.240765 48.78446 52.545582
108 0.55312016  -21.339719 -9.186546 -8.2870889 -7.3697826 6.4514537 6.5726806 7.9794671 11.435835 11.972374 12.099534 29.566489 32.607234 32.958622 43.592613 48.805292 52.586489
109 0.55989516  -21.461467 -9.3297546 -7.9865438 -7.1505602 6.4457439 6.7750165 7.7736483 11.302857 11.763662 11.797375 30.135571 32.688618 33.053477 43.907029 48.712998 52.642755
110 0.56667016  -21.5736 -9.4619101 -7.6923627 -6.942346 6.3289262 7.0834904 7.5558959 11.178891 11.463323 11.638758 30.684035 32.785237 33.153828 44.186617 48.514458 52.714853
111 0.57344516  -21.676079 -9.5828996 -7.4068338 -6.746476 6.2221264 7.3283619 7.3747074 11.064106 11.199222 11.495959 31.205774 32.896207 33.259926 44.433761 48.227437 52.80226
112 0.58022016  -21.768871 -9.6926251 -7.1325715 -6.5642769 6.1252747 7.0947541 7.6464856 10.958745 10.970754 11.368452 31.694899 33.019711 33.37069 44.650616 47.877031 52.903325
113 0.58699515  -21.851949 -9.7910024 -6.872531 -6.3970484 6.0383377 6.8601684 7.8966662 10.776203 10.863114 11.255748 32.14592 33.152915 33.483953 44.839129 47.491074 53.015207
114 0.59377015  -21.925289 -9.8779594 -6.6300028 -6.2460433 5.9613212 6.6307302 8.1231559 10.613098 10.77756 11.1574 32.553917 33.291922 33.596713 45.001054 47.096217 53.133902
115 0.60054515  -21.988876 -9.9534354 -6.4085753 -6.1124465 5.8942687 6.4131528 8.323971 10.478627 10.702452 11.073008 32.914672 33.431789 33.705404 45.137969 46.715547 53.254391
116 0.60732015  -22.042695 -10.01738 -6.2120518 -5.997352 5.8372573 6.2143029 8.4972826 10.369991 10.63816 11.002217 33.224732 33.56665 33.806166 45.25128 46.36769 53.370909
117 0.61409515  -22.086738 -10.069751 -6.0443093 -5.9017395 5.7903881 6.0408138 8.6414601 10.284654 10.585028 10.944722 33.481416 33.689987 33.895124 45.342216 46.066902 53.477336
118 0.62087015  -22.120998 -10.110518 -5.9090949 -5.8264506 5.7537744 5.8987409 8.7551108 10.220487 10.543362 10.90027 33.682756 33.79507 33.968651 45.411817 45.823627 53.567668
119 0.62764515  -22.145472 -10.139654 -5.8097664 -5.7721671 5.7275263 5.7932412 8.8371144 10.175827 10.513414 10.868663 33.8274 33.875553 34.023618 45.460917 45.645175 53.636534
120 0.63442015  -22.160157 -10.157142 -5.7490057 -5.7393914 5.7117364 5.7282724 8.8866504 10.149498 10.495368 10.849757 33.914493 33.926181 34.057615 45.490128 45.53632 53.67968
121 0.64119514  -22.165052 -10.162972 -5.7285511 -5.7284316 5.7063313 5.7064659 8.9032185 10.140799 10.48934 10.843464 33.943465 33.943572 34.06912 45.499746 45.499823 53.694104
