1 0  -8.2014837 -8.2014837 -8.2014837 -8.1357769 -8.1357769 -5.8086071 6.615432 6.615432 6.615432 6.7378237 10.461495 10.461495 10.461495 17.604161 17.604161 19.075851 24.016328 24.016328 24.016328
2 0.005796918  -8.2018004 -8.2013749 -8.2013749 -8.1358159 -8.1357438 -5.8046761 6.3780978 6.6016597 6.6016597 6.974574 10.449612 10.480684 10.480684 17.583965 17.610185 18.840708 24.010703 24.010703 24.211326
3 0.011593836  -8.2027437 -8.2010494 -8.2010494 -8.1359337 -8.1356448 -5.7928676 6.089288 6.5612407 6.5612407 7.2615005 10.413826 10.537346 10.537346 17.503683 17.628266 18.33426 23.994906 23.994906 24.646266
4 0.017390754  -8.2042941 -8.2005103 -8.2005103 -8.1361326 -8.1354811 -5.7731498 5.7993305 6.4966573 6.4966573 7.5478206 10.354181 10.628979 10.628979 17.278905 17.658426 17.916442 23.972009 23.972009 25.114145
5 0.023187672  -8.206419 -8.1997627 -8.1997627 -8.1364156 -8.1352545 -5.7455051 5.5103571 6.4114488 6.4114488 7.8304776 10.271904 10.752011 10.752011 16.916008 17.700705 17.729721 23.946629 23.946629 25.533153
6 0.02898459  -8.2090747 -8.1988139 -8.1988139 -8.1367859 -8.1349675 -5.7099554 5.223129 6.3096018 6.3096018 8.107126 10.170177 10.902406 10.902406 16.604141 17.630781 17.755158 23.924298 23.924298 25.896078
7 0.034781508  -8.2122081 -8.1976729 -8.1976729 -8.1372456 -8.1346232 -5.6665722 4.9380772 6.1950547 6.1950547 8.3748267 10.054197 11.076166 11.076166 16.411198 17.548861 17.821855 23.910791 23.910791 26.215018
8 0.040578426  -8.2157598 -8.1963509 -8.1963509 -8.1377956 -8.1342254 -5.615474 4.6554838 6.0713943 6.0713943 8.6293089 9.9308816 11.269628 11.269628 16.332283 17.468067 17.90088 23.911504 23.911504 26.501489
9 0.046375344  -8.2196664 -8.1948608 -8.1948608 -8.1384347 -8.1337786 -5.5568211 4.375556 5.9417239 5.9417239 8.8632975 9.8095085 11.479604 11.479604 16.343097 17.388077 17.992331 23.930973 23.930973 26.762824
10 0.052172262  -8.2238628 -8.1932175 -8.1932175 -8.1391599 -8.1332877 -5.4908096 4.0984688 5.8086456 5.8086456 9.0610271 9.7065206 11.703397 11.703397 16.408545 17.321438 18.09632 23.972523 23.972523 27.003108
11 0.05796918  -8.2282842 -8.1914373 -8.1914373 -8.1399659 -8.1327581 -5.4176692 3.8243932 5.6743038 5.6743038 9.1829864 9.6605239 11.938764 11.938764 16.475967 17.302874 18.212972 24.037983 24.037983 27.224676
12 0.063766098  -8.2328673 -8.1895386 -8.1895386 -8.1408458 -8.1321958 -5.3376634 3.5535161 5.5404508 5.5404508 9.1844266 9.7138362 12.183847 12.183847 16.482252 17.383466 18.342424 24.127332 24.127332 27.429138
13 0.069563016  -8.2375515 -8.1875407 -8.1875407 -8.1417907 -8.1316069 -5.2510923 3.2860554 5.4085163 5.4085163 9.1072321 9.8209216 12.437109 12.437109 16.411547 17.573554 18.484825 24.237973 24.237973 27.617684
14 0.075359934  -8.2422796 -8.1854646 -8.1854646 -8.1427906 -8.1309979 -5.1582982 3.0222725 5.2796694 5.2796694 9.0057046 9.9231969 12.697263 12.697263 16.301151 17.836389 18.640333 24.36294 24.36294 27.311567
15 0.081156851  -8.246998 -8.1833323 -8.1833323 -8.143834 -8.1303756 -5.0596738 2.7624862 5.1548707 5.1548707 8.900052 9.9964856 12.963221 12.963221 16.189719 18.138016 18.809113 24.486224 24.486224 26.818053
16 0.086953769  -8.251657 -8.1811667 -8.1811667 -8.1449085 -8.1297467 -4.955673 2.5070866 5.0349153 5.0349153 8.7972574 10.031384 13.234034 13.234034 16.103985 18.457366 18.991339 24.571443 24.571443 26.409791
17 0.092750687  -8.2562109 -8.1789914 -8.1789914 -8.1460012 -8.1291183 -4.8468257 2.256553 4.9204656 4.9204656 8.7002945 10.025229 13.508847 13.508847 16.061053 18.780481 19.187188 24.548047 24.548047 26.156895
18 0.098547605  -8.2606179 -8.1768303 -8.1768303 -8.1470984 -8.1284972 -4.7337564 2.0114731 4.8120779 4.8120779 8.6107069 9.9801041 13.786845 13.786845 16.069734 19.096705 19.396834 24.353913 24.353913 26.120438
19 0.10434452  -8.26484 -8.1747078 -8.1747078 -8.1481864 -8.1278902 -4.6172075 1.7725678 4.7102226 4.7102226 8.5294271 9.9016402 14.067201 14.067201 16.131697 19.396851 19.620448 24.023744 24.023744 26.264209
20 0.11014144  -8.2688427 -8.1726477 -8.1726477 -8.1492512 -8.1273039 -4.4980698 1.54072 4.6152995 4.6152995 8.4570808 9.7975247 14.349005 14.349005 16.243325 19.672309 19.858186 23.630373 23.630373 26.513501
21 0.11593836  -8.2725952 -8.1706738 -8.1706738 -8.1502789 -8.1267447 -4.3774189 1.3170108 4.5276503 4.5276503 8.3941115 9.6759826 14.631186 14.631186 16.397873 19.914716 20.110174 23.216937 23.216937 26.822956
22 0.12173528  -8.2760698 -8.1688089 -8.1688089 -8.1512562 -8.1262186 -4.2565608 1.1027622 4.447568 4.447568 8.3408284 9.5446575 14.912396 14.912396 16.587258 20.116137 20.376495 22.803454 22.803454 27.169957
23 0.1275322  -8.2792418 -8.1670749 -8.1670749 -8.15217 -8.1257315 -4.1370843 0.8995886 4.3753034 4.3753034 8.2974163 9.4100585 15.190855 15.190855 16.803153 20.269759 20.657148 22.400073 22.400073 27.541284
24 0.13332911  -8.2820897 -8.1654921 -8.1654921 -8.1530082 -8.1252884 -4.0209188 0.70945099 4.3110712 4.3110712 8.2639141 9.277467 15.464121 15.464121 17.03742 20.371004 20.951989 22.01325 22.01325 27.021134
25 0.13912603  -8.2845947 -8.1640796 -8.1640796 -8.1537594 -8.1248943 -3.9103878 0.53470847 4.2550539 4.2550539 8.2401633 9.1511192 15.728771 15.728771 17.282029 20.418788 21.260618 21.648459 21.648459 26.492145
26 0.14492295  -8.2867408 -8.162854 -8.162854 -8.1544135 -8.1245534 -3.8082396 0.37814695 4.207405 4.207405 8.2257108 9.034522 15.979944 15.979944 17.528574 20.416508 21.311661 21.311661 21.58213 25.98309
27 0.15071987  -8.2885147 -8.1618304 -8.1618304 -8.1549614 -8.1242694 -3.7176262 0.24295457 4.1682513 4.1682513 8.2196467 8.9308337 16.210763 16.210763 17.76741 20.372578 21.010334 21.010334 21.914553 25.496505
28 0.15651679  -8.2899055 -8.1610209 -8.1610209 -8.1553956 -8.1240452 -3.6419814 0.13259846 4.1376947 4.1376947 8.2203582 8.8432935 16.411753 16.411753 17.986307 20.300708 20.754288 20.754288 22.253343 25.037376
29 0.1623137  -8.2909049 -8.1604356 -8.1604356 -8.1557101 -8.1238833 -3.5847553 0.050557037 4.1158134 4.1158134 8.2252484 8.7756402 16.570717 16.570717 18.168761 20.220213 20.555906 20.555906 22.586647 24.617886
30 0.16811062  -8.2915068 -8.1600816 -8.1600816 -8.1559006 -8.1237855 -3.5489918 -0.00010468842 4.1026626 4.1026626 8.230716 8.7322295 16.673985 16.673985 18.293333 20.155426 20.428956 20.428956 22.877722 24.27501
31 0.17390754  -8.2917079 -8.159963 -8.159963 -8.1559644 -8.1237528 -3.5368151 -0.017248938 4.0982754 4.0982754 8.2330895 8.7171617 16.709965 16.709965 18.338187 20.130253 20.385076 20.385076 23.013614 24.121836
32 0.17595706  -8.291694 -8.1599906 -8.1599698 -8.1559412 -8.1237598 -3.5367535 -0.017047083 4.0954101 4.0987341 8.235792 8.7196623 16.705823 16.707134 18.330722 20.091978 20.379056 20.43613 23.018117 24.127228
33 0.17800658  -8.2916522 -8.1600718 -8.1599899 -8.1558729 -8.1237808 -3.5365702 -0.016441943 4.0868635 4.1001101 8.2437468 8.7272715 16.693475 16.698659 18.308247 20.020905 20.361159 20.545541 23.031508 24.143338
34 0.1800561  -8.2915829 -8.1602026 -8.1600235 -8.1557635 -8.1238157 -3.5362693 -0.015434788 4.0727812 4.1024026 8.2565034 8.7403071 16.673158 16.684597 18.270631 19.95285 20.331854 20.677396 23.053446 24.169969
35 0.18210562  -8.2914861 -8.1603775 -8.1600705 -8.1556182 -8.1238645 -3.5358579 -0.014027715 4.0533971 4.1056105 8.2733395 8.7592778 16.645238 16.66504 18.217957 19.897831 20.291864 20.821237 23.083419 24.206796
36 0.18415514  -8.2913621 -8.1605909 -8.1601308 -8.1554425 -8.123927 -3.5353459 -0.012223624 4.0290228 4.1097322 8.2933145 8.78484 16.610189 16.640113 18.15079 19.85877 20.242095 20.973115 23.120805 24.253383
37 0.18620466  -8.2912114 -8.1608376 -8.1602046 -8.1552412 -8.124003 -3.5347458 -0.01002617 4.000033 4.1147657 8.3153607 8.8177191 16.568558 16.609973 18.070294 19.836061 20.18356 21.130932 23.164939 24.30919
38 0.18825418  -8.2910345 -8.1611132 -8.1602917 -8.155018 -8.1240925 -3.5340731 -0.0074397075 3.9668506 4.1207083 8.3384102 8.8585967 16.520931 16.574802 17.978143 19.828808 20.117305 21.293328 23.215169 24.373596
39 0.1903037  -8.2908317 -8.1614145 -8.1603921 -8.154776 -8.1241952 -3.533346 -0.0044692136 3.929931 4.1275572 8.3615336 8.9079857 16.467912 16.534805 17.876292 19.835432 20.044361 21.459318 23.270891 24.445919
40 0.19235322  -8.2906039 -8.1617385 -8.1605057 -8.1545173 -8.1243109 -3.5325858 -0.001120186 3.8897484 4.1353089 8.3840484 8.9661341 16.410093 16.490207 17.766723 19.854092 19.965703 21.628142 23.331567 24.525438
41 0.19440274  -8.2903516 -8.1620832 -8.1606326 -8.1542435 -8.1244392 -3.5318161 0.0026014795 3.8467828 4.1439594 8.4055613 9.0329935 16.348047 16.441245 17.651269 19.882229 19.882958 21.799186 23.396735 24.611418
42 0.19645226  -8.2900755 -8.1624468 -8.1607726 -8.1539556 -8.1245798 -3.5310637 0.0066896399 3.8015104 4.1535044 8.42594 9.1082563 16.282317 16.388165 17.531514 19.794751 19.920355 21.971937 23.466 24.703123
43 0.19850178  -8.2897766 -8.1628278 -8.1609257 -8.1536545 -8.1247326 -3.5303581 0.011138084 3.7543953 4.163939 8.4452416 9.1914336 16.213407 16.331223 17.408768 19.703993 19.964824 22.145943 23.539026 24.799837
44 0.2005513  -8.2894557 -8.1632249 -8.1610918 -8.1533406 -8.124897 -3.5297312 0.015940742 3.7058836 4.1752579 8.4636328 9.2819396 16.141789 16.270675 17.284085 19.610596 20.015129 22.320792 23.615525 24.900873
45 0.20260082  -8.2891136 -8.1636368 -8.1612709 -8.1530144 -8.1250727 -3.529218 0.021091926 3.6563998 4.1874553 8.4813262 9.3791576 16.067897 16.206777 17.158296 19.51512 20.070233 22.496087 23.695246 25.005582
46 0.20465034  -8.2887513 -8.1640624 -8.1614629 -8.1526762 -8.1252593 -3.5288559 0.026586603 3.6063443 4.200525 8.4985391 9.4824827 15.992134 16.139782 17.032047 19.41806 20.129272 22.67143 23.777965 25.113359
47 0.20669986  -8.2883697 -8.1645004 -8.1616676 -8.1523263 -8.1254565 -3.5286848 0.032420696 3.5560919 4.2144601 8.515471 9.5913444 15.914876 16.069939 16.905834 19.319847 20.191524 22.846402 23.86348 25.223644
48 0.20874938  -8.28797 -8.1649499 -8.1618849 -8.151965 -8.1256636 -3.5287473 0.038591422 3.5059919 4.2292534 8.5322945 9.7052141 15.836474 15.997489 16.780035 19.220859 20.256383 23.020541 23.951604 25.335922
49 0.2107989  -8.287553 -8.1654095 -8.1621148 -8.1515926 -8.1258803 -3.5290882 0.045097648 3.4563685 4.2448971 8.5491533 9.8236052 15.757258 15.922665 16.654935 19.121429 20.323334 23.193326 24.042164 25.449727
50 0.21284842  -8.2871198 -8.1658781 -8.1623572 -8.1512094 -8.1261061 -3.5297542 0.051940279 3.4075209 4.261383 8.5661644 9.9460695 15.677545 15.845692 16.530747 19.021848 20.391934 23.364146 24.134995 25.564633
51 0.21489794  -8.2866714 -8.1663545 -8.1626118 -8.1508157 -8.1263405 -3.5307945 0.05912266 3.3597251 4.2787023 8.5834203 10.07219 15.597638 15.766784 16.407627 18.922375 20.461801 23.532272 24.229941 25.680259
52 0.21694746  -8.2862088 -8.1668374 -8.1628786 -8.1504119 -8.126583 -3.5322597 0.066650993 3.3132343 4.2968456 8.6009937 10.201575 15.517836 15.686146 16.285687 18.823239 20.532595 23.696821 24.326852 25.796266
53 0.21899698  -8.2857331 -8.1673256 -8.1631574 -8.1499984 -8.126833 -3.5342023 0.074534754 3.2682804 4.3158032 8.6189396 10.333849 15.438431 15.603972 16.16501 18.724645 20.604012 23.856704 24.425588 25.91235
54 0.2210465  -8.2852451 -8.1678178 -8.163448 -8.1495758 -8.12709 -3.5366757 0.082787099 3.2250746 4.3355646 8.6372987 10.468649 15.359718 15.520444 16.045653 18.626776 20.675771 24.01057 24.526011 26.028246
55 0.22309602  -8.2847459 -8.1683128 -8.1637503 -8.1491446 -8.1273534 -3.5397345 0.091425258 3.1838089 4.3561189 8.6560994 10.60561 15.281999 15.435736 15.927658 18.529796 20.747612 24.156742 24.627993 26.143723
56 0.22514554  -8.2842363 -8.1688093 -8.1640641 -8.1487053 -8.1276228 -3.5434339 0.10047089 3.1446564 4.3774547 8.6753597 10.744366 15.205583 15.350011 15.811057 18.433855 20.819286 24.293141 24.731411 26.25858
57 0.22719506  -8.2837172 -8.169306 -8.1643892 -8.1482586 -8.1278974 -3.5478293 0.10995037 3.1077722 4.3995597 8.6950886 10.884531 15.130796 15.263421 15.695878 18.339089 20.890548 24.417241 24.836145 26.372647
58 0.22924458  -8.2831893 -8.1698018 -8.1647254 -8.1478051 -8.1281769 -3.5529759 0.11989507 3.0732943 4.4224214 8.7152874 11.025698 15.057983 15.17611 15.582156 18.245624 20.961155 24.526099 24.942087 26.354391
59 0.2312941  -8.2826534 -8.1702954 -8.1650725 -8.1473456 -8.1284605 -3.5589281 0.13034144 3.0413438 4.4460265 8.7359501 11.16742 14.987511 15.088212 15.469938 18.153576 21.030858 24.616535 25.049128 26.301945
60 0.23334362  -8.2821102 -8.1707858 -8.1654303 -8.1468808 -8.1287477 -3.5657394 0.14133116 3.0120256 4.470361 8.7570646 11.309199 14.919772 14.999852 15.3593 18.063052 21.0994 24.685582 25.157171 26.263586
61 0.23539314  -8.2815601 -8.1712718 -8.1657986 -8.1464115 -8.1290379 -3.5734614 0.15291102 2.9854289 4.4954104 8.7786128 11.450473 14.85517 14.911148 15.250369 17.974153 21.166507 24.73118 25.266119 26.239899
62 0.34188932  -8.2815601 -8.1712718 -8.1657986 -8.1464115 -8.1290379 -3.5734614 0.15291102 2.9854289 4.4954104 8.7786128 11.450473 14.85517 14.911148 15.250369 17.974153 21.166507 24.73118 25.266119 26.239899
63 0.34803788  -8.2798739 -8.1726934 -8.1669636 -8.1449851 -8.1299211 -3.6025727 0.19173194 2.9226353 4.574693 8.8455972 11.864152 14.644022 14.683405 14.937431 17.718145 21.356143 24.73238 25.597537 26.234291
64 0.35418644  -8.2781392 -8.1740429 -8.1682135 -8.1435497 -8.1308109 -3.6414706 0.23798242 2.8861521 4.6598223 8.9153213 12.241871 14.377301 14.521928 14.688234 17.479985 21.520455 24.595724 25.934202 26.228144
65 0.360335  -8.2763574 -8.1753031 -8.1695408 -8.1421308 -8.1316926 -3.6909738 0.29352785 2.8761895 4.7502943 8.9864518 12.546126 14.113052 14.269949 14.640342 17.261878 21.646573 24.410123 26.124925 26.274352
66 0.36648356  -8.2745222 -8.1764643 -8.1709373 -8.1407544 -8.132552 -3.7514628 0.36028891 2.8921257 4.8455436 9.0572397 12.738855 13.852936 13.987466 14.770951 17.065987 21.718129 24.227953 25.914908 26.616548
67 0.37263212  -8.2726205 -8.1775249 -8.1723941 -8.1394461 -8.1333762 -3.8228315 0.44004149 2.9327331 4.944941 9.125521 12.81622 13.598286 13.708794 15.048288 16.894519 21.718004 24.072922 25.630218 26.959629
68 0.37878068  -8.2706338 -8.1784905 -8.1739023 -8.1382296 -8.1341533 -3.9044956 0.53425268 2.9964024 5.0477905 9.1887493 12.814485 13.350184 13.439176 15.428672 16.74978 21.635227 23.943021 25.313056 26.714615
69 0.38492924  -8.26854 -8.1793735 -8.1754523 -8.1371259 -8.134873 -3.9954551 0.64398566 3.0813353 5.1533282 9.2440934 12.77398 13.109519 13.181212 15.865361 16.634162 21.471438 23.806045 25.013988 26.377472
70 0.3910778  -8.2663149 -8.1801913 -8.1770346 -8.1361522 -8.1355264 -4.0943929 0.76987963 3.1856857 5.2607228 9.2886283 12.716394 12.87704 12.941408 16.323521 16.550053 21.239763 23.615775 24.778185 26.11413
71 0.39722636  -8.2639353 -8.1809654 -8.1786395 -8.1361065 -8.1353211 -4.1997893 0.91218851 3.3076493 5.3690786 9.3196305 12.615261 12.653403 12.761823 16.49962 16.776289 20.958419 23.363075 24.603595 25.956959
72 0.40337492  -8.26138 -8.1817194 -8.1802573 -8.136608 -8.1346397 -4.3100308 1.0708526 3.4455057 5.4774421 9.3349363 12.42217 12.439209 12.69848 16.484393 17.197717 20.646606 23.089525 24.449361 25.922799
73 0.40952348  -8.2586327 -8.1824777 -8.1818783 -8.1370273 -8.1341098 -4.4235006 1.2455798 3.5976267 5.5848138 9.3332713 12.210948 12.235032 12.679774 16.504608 17.557771 20.324064 22.845184 24.298193 25.998967
74 0.41567204  -8.2556825 -8.1834931 -8.1832638 -8.1373628 -8.1337276 -4.5386443 1.4359195 3.7624607 5.6901661 9.3144288 12.005986 12.041441 12.679317 16.55831 17.821509 20.010839 22.668079 24.165483 26.155413
75 0.4218206  -8.2525259 -8.1850923 -8.1840994 -8.1376147 -8.133484 -4.6540135 1.641322 3.9385025 5.7924706 9.2792191 11.811326 11.858996 12.687436 16.640381 17.957716 19.723223 22.582127 24.075806 26.364456
76 0.42796916  -8.2491673 -8.1866669 -8.1850023 -8.1377853 -8.1333657 -4.7682878 1.8611806 4.1242536 5.8907355 9.2292069 11.628367 11.688233 12.694042 16.741964 17.959246 19.464771 22.591062 24.050429 26.604999
77 0.43411772  -8.2456198 -8.1882082 -8.1859859 -8.1378784 -8.133356 -4.8802833 2.0948588 4.3181768 5.984052 9.1663339 11.457945 11.529605 12.687447 16.850959 17.85559 19.223561 22.675009 24.100697 26.858245
78 0.44026628  -8.2419052 -8.1897077 -8.1870577 -8.1378994 -8.1334357 -4.9889508 2.3417036 4.5186475 6.0716446 9.0925393 11.300734 11.383416 12.655469 16.954105 17.694547 18.986293 22.803767 24.219432 27.111289
79 0.44641484  -8.2380547 -8.1911567 -8.1882187 -8.1378554 -8.1335851 -5.0933676 2.6010495 4.7239018 6.1529105 9.0094487 11.157337 11.249733 12.587521 17.040307 17.514892 18.751319 22.955669 24.378997 27.386228
80 0.4525634  -8.2341079 -8.1925462 -8.1894628 -8.1377546 -8.1337846 -5.1927263 2.8722142 4.9319842 6.2274365 8.9181475 11.028305 11.128344 12.477048 17.103798 17.337085 18.527264 23.119778 24.547048 27.694083
81 0.45871196  -8.230113 -8.1938664 -8.1907767 -8.1376065 -8.134016 -5.2863227 3.1544873 5.1406979 6.2949864 8.8190211 10.914107 11.018772 12.323251 17.145495 17.167705 18.326098 23.286102 24.705827 27.452107
82 0.46486052  -8.2261261 -8.1951073 -8.1921399 -8.1374211 -8.1342634 -5.3735434 3.4471143 5.3475611 6.3554725 8.7116378 10.815069 10.920374 12.131214 17.008367 17.171938 18.157154 23.441287 24.852684 27.173233
83 0.47100908  -8.22221 -8.1962593 -8.1935259 -8.1372095 -8.1345133 -5.4538539 3.7492741 5.5497781 6.4089274 8.5946639 10.731281 10.832466 11.910496 16.864405 17.192543 18.023403 23.573604 24.986073 26.850108
84 0.47715764  -8.2184328 -8.1973135 -8.1949032 -8.1369826 -8.134755 -5.5267897 4.0600514 5.7442358 6.4554855 8.4658318 10.662452 10.754455 11.673134 16.749498 17.216544 17.921497 23.67902 25.096281 26.48212
85 0.4833062  -8.2148668 -8.1982621 -8.1962366 -8.1367513 -8.1349804 -5.591947 4.3783998 5.927539 6.4953715 8.3220206 10.607736 10.685906 11.431933 16.68562 17.250693 17.845083 23.761043 25.167825 26.077369
86 0.48945476  -8.2115855 -8.1990983 -8.1974893 -8.1365264 -8.1351837 -5.6489781 4.7030937 6.0960982 6.5288844 8.1595475 10.565574 10.626555 11.199318 16.701145 17.29804 17.788369 23.826115 25.185728 25.652501
87 0.49560332  -8.2086618 -8.1998162 -8.1986247 -8.1363175 -8.1353606 -5.6975889 5.0326594 6.2462771 6.5563748 7.974752 10.533674 10.576282 10.986521 16.828338 17.357651 17.748473 23.879731 25.137844 25.230473
88 0.50175188  -8.2061643 -8.2004107 -8.1996079 -8.1361337 -8.1355083 -5.7375429 5.3652771 6.3745889 6.5782141 7.7648401 10.509329 10.535064 10.802882 17.094645 17.42492 17.73005 23.924974 24.837234 25.012942
89 0.50790044  -8.2041545 -8.2008776 -8.200408 -8.1359823 -8.1356249 -5.7686712 5.6986307 6.4779074 6.5947612 7.5287411 10.490186 10.50293 10.655285 17.456562 17.492291 17.797087 23.962559 24.498539 24.799736
90 0.514049  -8.2026826 -8.2012135 -8.2009989 -8.1358697 -8.1357091 -5.7908863 6.0296372 6.5536473 6.6063316 7.2676699 10.475219 10.479928 10.548008 17.550446 17.591558 18.243086 23.991488 24.237504 24.499065
91 0.52019756  -8.2017852 -8.2014161 -8.2013615 -8.1358003 -8.1357599 -5.8041836 6.3533783 6.599885 6.6131701 6.9859024 10.465129 10.466106 10.483161 17.590075 17.603432 18.812027 24.009955 24.072695 24.174282
92 0.52634612  -8.2014837 -8.2014837 -8.2014837 -8.1357769 -8.1357769 -5.8086071 6.615432 6.615432 6.615432 6.7378237 10.461495 10.461495 10.461495 17.604161 17.604161 19.075851 24.016328 24.016328 24.016328
93 0.5313664  -8.2016727 -8.2014265 -8.2014265 -8.135779 -8.135779 -5.8056586 6.4093744 6.6109788 6.6109788 6.931569 10.467781 10.468342 10.468342 17.599353 17.599353 18.894315 24.040028 24.040028 24.112011
94 0.53638668  -8.2022372 -8.2012556 -8.2012556 -8.1357851 -8.1357851 -5.7967985 6.1435254 6.5977676 6.5977676 7.1600197 10.486896 10.488651 10.488651 17.585508 17.585508 18.456865 24.110114 24.110114 24.32697
95 0.54140696  -8.2031699 -8.2009739 -8.2009739 -8.1357941 -8.1357941 -5.781998 5.8682892 6.5762288 6.5762288 7.3714344 10.519813 10.521743 10.521743 17.564266 17.564266 17.954663 24.223632 24.223632 24.547693
96 0.54642724  -8.2044575 -8.2005859 -8.2005859 -8.1358044 -8.1358044 -5.7612426 5.5874651 6.5470338 6.5470338 7.5600024 10.566539 10.566539 10.568586 17.515538 17.538082 17.538082 24.375916 24.375916 24.718064
97 0.55144751  -8.2060812 -8.2000979 -8.2000979 -8.1358137 -8.1358137 -5.7345543 5.3031126 6.5110366 6.5110366 7.7214446 10.621625 10.621625 10.636346 17.190905 17.509882 17.509882 24.560899 24.560899 24.82843
98 0.55646779  -8.2080167 -8.1995176 -8.1995176 -8.1358192 -8.1358192 -5.7019985 5.0167852 6.4692085 6.4692085 7.8525348 10.685342 10.685342 10.726647 16.987697 17.482729 17.482729 24.771419 24.771419 24.886161
99 0.56148807  -8.2102352 -8.1988544 -8.1988544 -8.1358177 -8.1358177 -5.6636812 4.7297682 6.4225758 6.4225758 7.9517197 10.755862 10.755862 10.842371 16.89381 17.45952 17.45952 24.901318 24.999461 24.999461
100 0.56650835  -8.2127046 -8.198119 -8.198119 -8.1358056 -8.1358056 -5.619744 4.4431767 6.3721667 6.3721667 8.0196052 10.83128 10.83128 10.98477 16.891488 17.442783 17.442783 24.882434 25.236264 25.236264
101 0.57152863  -8.2153903 -8.1973232 -8.1973232 -8.1357791 -8.1357791 -5.5703606 4.1580105 6.3189715 6.3189715 8.0588844 10.909686 10.909686 11.153139 16.963005 17.434549 17.434549 24.836091 25.472265 25.472265
102 0.5765489  -8.2182558 -8.1964796 -8.1964796 -8.1357344 -8.1357344 -5.5157361 3.8751895 6.2639149 6.2639149 8.0737079 10.989234 10.989234 11.345192 17.092515 17.436323 17.436323 24.767541 25.696793 25.696793
103 0.58156918  -8.221264 -8.1956017 -8.1956017 -8.1356679 -8.1356679 -5.4561095 3.5955785 6.2078404 6.2078404 8.0688313 11.068197 11.068197 11.557781 17.266216 17.449119 17.449119 24.681469 25.897519 25.897519
104 0.58658946  -8.2243776 -8.1947029 -8.1947029 -8.1355762 -8.1355762 -5.3917572 3.3200065 6.1515024 6.1515024 8.0489018 11.145008 11.145008 11.787562 17.471883 17.473576 17.473576 24.582664 26.059815 26.059815
105 0.59160974  -8.2275594 -8.1937971 -8.1937971 -8.1354568 -8.1354568 -5.3229989 3.049283 6.0955659 6.0955659 8.0180383 11.218282 11.218282 12.031411 17.510113 17.510113 17.698217 24.476518 26.166635 26.166635
106 0.59663002  -8.230773 -8.1928972 -8.1928972 -8.1353078 -8.1353078 -5.250205 2.7842138 6.0406105 6.0406105 7.9796761 11.286835 11.286835 12.286595 17.559117 17.559117 17.934214 24.369265 26.20026 26.20026
107 0.6016503  -8.2339831 -8.1920159 -8.1920159 -8.1351282 -8.1351282 -5.1738057 2.5256161 5.9871373 5.9871373 7.9365759 11.349696 11.349696 12.550773 17.621104 17.621104 18.168685 24.267818 26.147037 26.147037
108 0.60667057  -8.2371555 -8.1911644 -8.1911644 -8.1349186 -8.1349186 -5.0943024 2.2743345 5.9355775 5.9355775 7.8909086 11.406109 11.406109 12.82192 17.696836 17.696836 18.390069 24.178933 26.003317 26.003317
109 0.61169085  -8.2402579 -8.1903528 -8.1903528 -8.1346806 -8.1346806 -5.0122801 2.031259 5.8863019 5.8863019 7.8443611 11.455559 11.455559 13.098219 17.787359 17.787359 18.586749 24.107346 25.777368 25.777368
110 0.61671113  -8.2432595 -8.1895894 -8.1895894 -8.1344174 -8.1344174 -4.9284224 1.7973432 5.8396298 5.8396298 7.7982371 11.49778 11.49778 13.377953 17.893953 17.893953 18.748024 24.052703 25.48509 25.48509
111 0.62173141  -8.2461313 -8.1888809 -8.1888809 -8.1341336 -8.1341336 -4.8435284 1.5736244 5.7958364 5.7958364 7.7535423 11.532773 11.532773 13.659388 18.018014 18.018014 18.865666 24.006127 25.143794 25.143794
112 0.62675169  -8.2488465 -8.1882322 -8.1882322 -8.1338352 -8.1338352 -4.7585295 1.3612438 5.7551599 5.7551599 7.7110527 11.560803 11.560803 13.94067 18.160899 18.160899 18.935508 23.949886 24.768446 24.768446
113 0.63177196  -8.25138 -8.1876466 -8.1876466 -8.1335291 -8.1335291 -4.6745065 1.1614661 5.7178062 5.7178062 7.6713685 11.582383 11.582383 14.219705 18.323781 18.323781 18.958217 23.865136 24.370745 24.370745
114 0.63679224  -8.2537093 -8.187126 -8.187126 -8.1332233 -8.1332233 -4.5927031 0.97569513 5.6839527 5.6839527 7.6349547 11.598228 11.598228 14.494021 18.507531 18.507531 18.938771 23.744592 23.959561 23.959561
115 0.64181252  -8.2558137 -8.1866709 -8.1866709 -8.1329264 -8.1329264 -4.5145318 0.80548208 5.6537518 5.6537518 7.6021723 11.609201 11.609201 14.760605 18.712652 18.712652 18.885002 23.541687 23.541687 23.596226
116 0.6468328  -8.257675 -8.1862809 -8.1862809 -8.1326469 -8.1326469 -4.4415668 0.65251957 5.6273329 5.6273329 7.573302 11.616239 11.616239 15.015666 18.806059 18.939249 18.939249 23.122471 23.122471 23.435445
117 0.65185308  -8.2592772 -8.1859549 -8.1859549 -8.1323934 -8.1323934 -4.3755143 0.51861407 5.6048045 5.6048045 7.548561 11.620289 11.620289 15.25434 18.711454 19.187021 19.187021 22.706284 22.706284 23.277303
118 0.65687336  -8.2606068 -8.1856914 -8.1856914 -8.1321737 -8.1321737 -4.3181541 0.40562823 5.5862555 5.5862555 7.5281164 11.622243 11.622243 15.470312 18.610873 19.455213 19.455213 22.296894 22.296894 23.133752
119 0.66189363  -8.2616526 -8.1854886 -8.1854886 -8.1319951 -8.1319951 -4.2712452 0.31538729 5.571757 5.571757 7.5120947 11.622888 11.622888 15.655453 18.514494 19.742391 19.742391 21.897924 21.897924 23.013683
120 0.66691391  -8.2624059 -8.185345 -8.185345 -8.1318631 -8.1318631 -4.2363956 0.24955041 5.5613631 5.5613631 7.5005883 11.622869 11.622869 15.7998 18.433288 20.045414 20.045414 21.514052 21.514052 22.92353
121 0.67193419  -8.2628603 -8.1852595 -8.1852595 -8.1317821 -8.1317821 -4.2149117 0.20945989 5.5551117 5.5551117 7.49366 11.622663 11.622663 15.892539 18.378413 20.352995 20.352995 21.157581 21.157581 22.867705
122 0.67695447  -8.2630122 -8.185231 -8.185231 -8.1317548 -8.1317548 -4.2076507 0.1959943 5.5530254 5.5530254 7.4913465 11.622562 11.622562 15.924654 18.358925 20.55899 20.55899 20.935227 20.935227 22.84881
123 0.68105351  -8.2630494 -8.1852042 -8.1851754 -8.1317931 -8.131756 -4.2061156 0.19689205 5.5275653 5.5495243 7.5173264 11.617156 11.630135 15.907558 18.329808 20.459359 20.473766 21.025207 21.049767 22.850945
124 0.68515255  -8.2631612 -8.1851239 -8.1850085 -8.1319077 -8.1317598 -4.2015171 0.19956582 5.4553095 5.5390229 7.5911064 11.601169 11.65293 15.857689 18.245521 20.274373 20.337792 21.176936 21.277367 22.860583
125 0.68925159  -8.2633476 -8.1849915 -8.1847304 -8.1320971 -8.1317659 -4.1938756 0.20395682 5.3461266 5.521528 7.7027149 11.575296 11.691161 15.779083 18.11454 20.083568 20.220369 21.314139 21.54313 22.885831
126 0.69335063  -8.2636091 -8.1848088 -8.1843418 -8.1323587 -8.1317741 -4.1832262 0.20996602 5.2110191 5.4970559 7.8409868 11.540704 11.745137 15.677689 17.948314 19.908655 20.131009 21.419941 21.829042 22.935672
127 0.69744967  -8.2639457 -8.1845783 -8.1838436 -8.1326892 -8.1317841 -4.1696197 0.21745268 5.0592968 5.465639 7.9964106 11.499002 11.815192 15.560219 17.757879 19.75802 20.067531 21.493015 22.127624 23.015786
128 0.70154871  -8.2643571 -8.184303 -8.183238 -8.1330843 -8.1317954 -4.1531237 0.22623239 4.8979525 5.4273341 8.1617857 11.452164 11.9016 15.432875 17.551623 19.634689 20.025567 21.539794 22.433878 23.12702
129 0.70564775  -8.2648424 -8.1839865 -8.1825284 -8.133539 -8.1318077 -4.1338241 0.23607488 4.7320449 5.3822316 8.3318905 11.402405 12.004465 15.300465 17.335072 19.538497 20.001345 21.570335 22.742847 23.267524
130 0.70974679  -8.2653999 -8.1836324 -8.1817197 -8.1340472 -8.1318202 -4.1118263 0.24670192 4.5652597 5.330465 8.5029831 11.352022 12.123588 15.166193 17.111777 19.467176 19.992362 21.594867 23.047324 23.437069
131 0.71384583  -8.2660267 -8.1832447 -8.1808188 -8.1346023 -8.1318322 -4.0872567 0.25778573 4.4003681 5.2722191 8.6724084 11.303239 12.258296 15.03202 16.884248 19.417111 19.997194 21.62199 23.334514 23.64177
132 0.71794487  -8.2667187 -8.1828276 -8.1798344 -8.1351973 -8.1318428 -4.0602639 0.26894862 4.2395465 5.2077362 8.8383352 11.258092 12.407201 14.899352 16.654527 19.383991 20.015003 21.658354 23.589253 23.89112
133 0.72204391  -8.2674705 -8.1823853 -8.1787774 -8.1358244 -8.1318511 -4.0310202 0.27976488 4.0845872 5.1373211 8.9995836 11.218347 12.567829 14.769858 16.42448 19.363375 20.044999 21.708986 23.813854 24.177801
134 0.72614295  -8.2682753 -8.1819221 -8.1776603 -8.1364755 -8.1318561 -3.9997237 0.28976608 3.9370316 5.0613413 9.1554996 11.185469 12.735967 14.646387 16.195973 19.351167 20.086012 21.777686 24.023978 24.481289
135 0.73024199  -8.2691251 -8.1814423 -8.1764974 -8.1371423 -8.1318568 -3.9666002 0.29845157 3.7982524 4.9802264 9.3058504 11.160614 12.904469 14.534204 15.97109 19.343931 20.136314 21.867249 24.229204 24.7867
136 0.73434103  -8.2700107 -8.1809504 -8.1753047 -8.1378162 -8.1318519 -3.931905 0.30530562 3.6694971 4.8944629 9.4507273 11.144654 13.061172 14.442753 15.752571 19.338997 20.193744 21.979465 24.432686 25.084469
137 0.73844007  -8.2709218 -8.1804509 -8.1740987 -8.1384886 -8.1318405 -3.8959254 0.309823 3.5519046 4.8045886 9.5904544 11.138199 13.186596 14.386937 15.544881 19.334384 20.256079 22.114957 24.634542 25.366098
138 0.74253911  -8.2718476 -8.1799485 -8.172897 -8.139151 -8.1318216 -3.8589824 0.31154342 3.4464989 4.7111845 9.7255066 11.141626 13.256699 14.381424 15.35717 19.328614 20.321455 22.272922 24.833123 25.621802
139 0.74663815  -8.2727765 -8.1794478 -8.1717171 -8.139795 -8.1317944 -3.8214329 0.31009398 3.3541663 4.6148666 9.8564405 11.155105 13.258296 14.416791 15.211702 19.320508 20.388679 22.450854 25.024881 25.839557
140 0.75073719  -8.2736966 -8.1789536 -8.170576 -8.1404127 -8.1317584 -3.7836701 0.30523641 3.2756207 4.516278 9.9838418 11.178608 13.201145 14.433303 15.157982 19.309025 20.457338 22.644147 25.203038 26.006737
141 0.75483623  -8.2745961 -8.178471 -8.1694899 -8.1409964 -8.1317136 -3.7461242 0.29691292 3.2113645 4.4160822 10.108287 11.211907 13.105653 14.366318 15.239641 19.29316 20.527738 22.845394 25.354598 26.118321
142 0.75893527  -8.2754632 -8.1780049 -8.1684734 -8.1415397 -8.1316604 -3.7092611 0.28528251 3.1616545 4.3149591 10.23032 11.254547 12.988413 14.231532 15.42364 19.271882 20.600768 23.042985 25.457584 26.192829
143 0.76303431  -8.2762865 -8.1775606 -8.1675391 -8.1420366 -8.1315996 -3.6735785 0.27073966 3.1264792 4.2136024 10.350434 11.305787 12.859859 14.068375 15.659232 19.244125 20.677741 23.218747 25.493791 26.272242
144 0.76713335  -8.2770552 -8.1771434 -8.166697 -8.1424826 -8.1315331 -3.6396012 0.25390878 3.1055542 4.1127231 10.469054 11.364476 12.726463 13.896774 15.919047 19.208813 20.760265 23.345741 25.486193 26.380794
145 0.77123239  -8.2777591 -8.1767586 -8.1659543 -8.1428745 -8.1314629 -3.6078716 0.23561305 3.0983339 4.0130578 10.586512 11.428826 12.59278 13.725407 16.188919 19.164944 20.850139 23.392142 25.497713 26.507118
146 0.77533143  -8.278389 -8.1764115 -8.165315 -8.1432107 -8.131392 -3.5789377 0.21682053 3.1040321 3.9153892 10.702996 11.495938 12.4629 13.558892 16.459581 19.111754 20.949227 23.338901 25.579943 26.629987
147 0.77943047  -8.2789366 -8.1761072 -8.1647807 -8.1434908 -8.1313236 -3.5533376 0.19857496 3.1216316 3.8205893 10.818441 11.560836 12.341857 13.400643 16.723158 19.04905 21.059253 23.196792 25.74334 26.732467
148 0.78352951  -8.2793947 -8.1758505 -8.1643502 -8.1437158 -8.1312613 -3.5315807 0.18191987 3.1498425 3.7297176 10.932312 11.614652 12.237576 13.254245 16.971384 18.977844 21.181356 22.997199 25.969082 26.805647
149 0.78762855  -8.2797574 -8.1756458 -8.1640209 -8.1438874 -8.1312084 -3.5141259 0.16782422 3.1868983 3.6442787 11.043065 11.643022 12.16251 13.124515 17.194113 18.901529 21.314991 22.772997 26.231844 26.8505
150 0.79172759  -8.2800198 -8.1754967 -8.1637892 -8.1440079 -8.1311681 -3.5013604 0.15711578 3.2298015 3.5670216 11.146661 11.633037 12.127273 13.01868 17.377515 18.827848 21.454905 22.553247 26.507195 26.87449
151 0.79582663  -8.2801787 -8.1754061 -8.1636517 -8.1440793 -8.1311429 -3.493578 0.15042643 3.271411 3.5048865 11.231825 11.595036 12.122953 12.94715 17.502493 18.770921 21.581655 22.372837 26.76006 26.8856
152 0.79992567  -8.2802319 -8.1753757 -8.1636062 -8.1441029 -8.1311343 -3.4909631 0.14815177 3.2919281 3.4775424 11.269194 11.571181 12.125532 12.921461 17.54766 18.748826 21.640678 22.294994 26.883497 26.893274
153 0.80282413  -8.2802678 -8.175329 -8.163601 -8.1441448 -8.1310997 -3.491091 0.14764039 3.2938475 3.4789358 11.251955 11.510073 12.189528 12.941375 17.547693 18.748977 21.639326 22.292591 26.826445 26.949442
154 0.80572259  -8.2803751 -8.1751895 -8.1635853 -8.1442688 -8.1309977 -3.4914734 0.14611415 3.2995903 3.4831076 11.202571 11.373476 12.334777 12.99878 17.547797 18.749446 21.635266 22.285419 26.762486 27.009613
155 0.80862105  -8.280552 -8.1749593 -8.1635592 -8.1444704 -8.1308328 -3.4921059 0.14359645 3.3091111 3.4900331 11.126811 11.210789 12.511849 13.087916 17.547988 18.750276 21.628488 22.273582 26.693692 27.068254
156 0.8115195  -8.2807957 -8.1746419 -8.1635226 -8.1447423 -8.1306119 -3.492981 0.14012558 3.3223345 3.4996709 11.03142 11.040015 12.702685 13.202041 17.548289 18.75154 21.618976 22.257247 26.616797 27.122859
157 0.81441796  -8.2811024 -8.1742418 -8.1634756 -8.1450764 -8.1303433 -3.4940888 0.13575368 3.3391559 3.5119626 10.867479 10.922388 12.900881 13.335168 17.54874 18.753346 21.606702 22.236633 26.528064 27.169733
158 0.81731642  -8.2814674 -8.1737648 -8.1634183 -8.1454636 -8.1300356 -3.4954164 0.13054529 3.3594419 3.5268324 10.695853 10.804369 13.103658 13.482644 17.549395 18.755834 21.591634 22.211991 26.424069 27.205441
159 0.82021488  -8.2818852 -8.1732175 -8.1633506 -8.1458952 -8.1296974 -3.4969487 0.12457578 3.3830313 3.5441867 10.526488 10.680773 13.309526 13.641047 17.550327 18.759182 21.573724 22.183592 26.302594 27.229537
160 0.82311334  -8.2823497 -8.1726075 -8.1632727 -8.146363 -8.1293366 -3.4986681 0.11792951 3.4097361 3.5639132 10.360185 10.554059 13.51751 13.807891 17.551633 18.76361 21.552913 22.151706 26.163191 27.245667
161 0.8260118  -8.2828544 -8.1719428 -8.1631846 -8.1468596 -8.1289604 -3.5005549 0.11069791 3.4393415 3.5858803 10.197486 10.426017 13.726845 13.981333 17.553442 18.769387 21.529128 22.116586 26.007097 27.18416
162 0.82891026  -8.2833925 -8.1712321 -8.1630862 -8.1473782 -8.128575 -3.5025879 0.10297759 3.4716072 3.6099362 10.038806 10.297979 13.936849 14.15995 17.555922 18.776834 21.502276 22.078447 25.836667 27.049448
163 0.83180872  -8.2839568 -8.1704843 -8.1629778 -8.147913 -8.1281858 -3.5047441 0.094868494 3.5062671 3.6359079 9.8844938 10.170973 14.14684 14.342571 17.55929 18.786336 21.472242 22.037448 25.654734 26.890069
164 0.83470718  -8.2845404 -8.1697085 -8.1628593 -8.148459 -8.1277976 -3.5069992 0.086472129 3.5430299 3.6636001 9.7348666 10.045819 14.356099 14.528163 17.563827 18.798348 21.43889 21.993676 25.464164 26.710986
165 0.83760564  -8.2851361 -8.1689138 -8.1627309 -8.1490117 -8.1274144 -3.5093281 0.077890011 3.5815785 3.6927942 9.590227 9.9232023 14.563835 14.715726 17.569894 18.813407 21.402055 21.947128 25.267647 26.51777
166 0.84050409  -8.285737 -8.1681094 -8.1625927 -8.149567 -8.1270397 -3.5117049 0.069222246 3.6215703 3.7232469 9.4508773 9.80372 14.769161 14.904226 17.577954 18.832141 21.361546 21.89769 25.067645 26.315567
167 0.84340255  -8.2863365 -8.1673041 -8.1624447 -8.1501215 -8.1266764 -3.5141034 0.060566317 3.6626365 3.7546895 9.3171265 9.6879118 14.971069 15.092513 17.588599 18.855279 21.317145 21.845121 24.866423 26.108736
168 0.84630101  -8.286928 -8.1665067 -8.1622872 -8.1506718 -8.1263271 -3.5164972 0.052016062 3.7043822 3.7868271 9.1892962 9.5762836 15.168422 15.279257 17.602578 18.883654 21.268612 21.789033 24.666106 25.900872
169 0.84919947  -8.2875056 -8.1657256 -8.1621204 -8.1512152 -8.125994 -3.5188601 0.043660837 3.7463862 3.8193381 9.067724 9.4693232 15.359937 15.46288 17.62083 18.918205 21.215697 21.728878 24.468753 25.69497
170 0.85209793  -8.2880635 -8.1649685 -8.1619447 -8.1517487 -8.1256791 -3.5211666 0.035584854 3.7882024 3.8518745 8.9527659 9.3675106 15.544194 15.641489 17.644505 18.959961 21.158164 21.663939 24.276412 25.493613
171 0.85499639  -8.2885964 -8.1642432 -8.1617607 -8.1522698 -8.125384 -3.5233918 0.027866672 3.8293606 3.884063 8.8447971 9.271325 15.719654 15.812843 17.674956 19.010011 21.095824 21.593339 24.091161 25.299103
172 0.85789485  -8.2890993 -8.1635565 -8.1615691 -8.1527756 -8.1251103 -3.5255117 0.020578827 3.86937 3.915507 8.7442111 9.181248 15.884703 15.974377 17.713665 19.069445 21.028594 21.516072 23.915118 25.11357
173 0.86079331  -8.2895678 -8.1629151 -8.1613711 -8.1532633 -8.1248591 -3.5275038 0.013787582 3.9077233 3.9457905 8.6514174 9.0977646 16.037728 16.123323 17.762047 19.139269 20.95658 21.431076 23.750408 24.939016
174 0.86369177  -8.2899978 -8.1623249 -8.1611682 -8.1537297 -8.1246317 -3.5293469 0.0075527691 3.943903 3.9744835 8.5668372 9.0213601 16.177203 16.257003 17.821081 19.220294 20.880193 21.337353 23.599088 24.777336
175 0.86659023  -8.2903857 -8.1617912 -8.1609629 -8.154171 -8.1244288 -3.5310214 0.0019277188 3.9773901 4.0011494 8.4908964 8.9525156 16.301799 16.373245 17.890783 19.313002 20.800301 21.234133 23.463024 24.630309
176 0.86948868  -8.2907283 -8.1613188 -8.1607585 -8.1545825 -8.1242515 -3.5325098 -0.003040753 4.0076747 4.0253546 8.424017 8.8916997 16.410479 16.470821 17.969635 19.417417 20.718417 21.121064 23.343757 24.499563
177 0.87238714  -8.2910228 -8.160912 -8.1605599 -8.1549583 -8.1241003 -3.5337965 -0.0073123103 4.0342693 4.0466805 8.3666062 8.8393582 16.502554 16.549673 18.0542 19.532987 20.636907 20.998406 23.242387 24.386544
178 0.8752856  -8.2912669 -8.1605743 -8.1603738 -8.1552906 -8.1239758 -3.534868 -0.010853031 4.0567232 4.064737 8.319043 8.7959019 16.577685 16.61079 18.139104 19.658461 20.559181 20.867203 23.159532 24.292476
179 0.87818406  -8.2914587 -8.1603086 -8.1602096 -8.1555695 -8.1238785 -3.5357132 -0.013635324 4.0746382 4.0791772 8.2816646 8.7616929 16.635824 16.655793 18.217408 19.791653 20.489772 20.729538 23.095383 24.218344
180 0.88108252  -8.2915968 -8.1601172 -8.1600785 -8.1557829 -8.1238087 -3.5363232 -0.015637844 4.0876844 4.0897118 8.2547518 8.737031 16.677115 16.686425 18.281343 19.928543 20.434106 20.589413 23.049834 24.164891
181 0.88398098  -8.29168 -8.1600017 -8.1599929 -8.155918 -8.1237668 -3.5366918 -0.016845408 4.0956146 4.096123 8.2385163 8.7221408 16.70177 16.704163 18.323455 20.058378 20.397753 20.457612 23.022648 24.132623
182 0.88687944  -8.2917079 -8.159963 -8.159963 -8.1559644 -8.1237528 -3.5368151 -0.017248938 4.0982754 4.0982754 8.2330895 8.7171617 16.709965 16.709965 18.338187 20.130253 20.385076 20.385076 23.013614 24.121836
