1 0  -11.014014 -11.014014 -11.014014 -10.238025 -10.238025 -10.238025 -10.100464 -10.100464 -9.8082753 -9.8082753 -1.6624881 8.3721675 8.8276974 8.8276974 8.8276974 11.280651 11.280651 11.280651 21.093925 21.093925 25.55627 27.413361 27.413361 27.413361
2 0.00513674  -11.015626 -11.015626 -11.013181 -10.237764 -10.237428 -10.237428 -10.101086 -10.100087 -9.8099052 -9.8080515 -1.6589327 8.247903 8.8116121 8.8116121 8.9498258 11.275661 11.300639 11.300639 21.090231 21.097381 25.533369 27.407865 27.407865 27.448037
3 0.01027348  -11.020438 -11.020438 -11.010674 -10.237003 -10.235645 -10.235645 -10.10294 -10.098956 -9.8146365 -9.8073824 -1.6482702 8.0162195 8.7649552 8.7649552 9.1748647 11.260797 11.359008 11.359008 21.079395 21.107741 25.465776 27.391533 27.391533 27.547396
4 0.01541022  -11.028367 -11.028367 -11.006471 -10.235799 -10.232692 -10.232692 -10.105991 -10.097065 -9.8220302 -9.8062744 -1.630512 7.7620035 8.6919234 8.6919234 9.417239 11.236379 11.451571 11.451571 21.062001 21.124984 25.356521 27.364553 27.364553 27.698695
5 0.02054696  -11.039276 -11.039276 -11.000534 -10.234246 -10.228597 -10.228597 -10.110182 -10.094406 -9.8314599 -9.804739 -1.6056769 7.5014897 8.5979722 8.5979722 9.6596238 11.202922 11.572892 11.572892 21.038612 21.149072 25.209828 27.326512 27.326512 27.884335
6 0.0256837  -11.052966 -11.052966 -10.992817 -10.232467 -10.223395 -10.223395 -10.115427 -10.090968 -9.8422275 -9.8027921 -1.5737913 7.2391623 8.4885785 8.4885785 9.8960996 11.16111 11.717522 11.717522 21.009451 21.179953 25.03034 27.2757 27.2757 28.085618
7 0.03082044  -11.069168 -11.069168 -10.983263 -10.230608 -10.217128 -10.217128 -10.121619 -10.08674 -9.8536662 -9.8004553 -1.5348891 6.976747 8.3685392 8.3685392 10.123206 11.111767 11.880701 11.880701 20.974263 21.21756 24.822584 27.20858 27.20858 28.019249
8 0.03595718  -11.087539 -11.087539 -10.971814 -10.228837 -10.209842 -10.209842 -10.12862 -10.081708 -9.8652094 -9.7977562 -1.4890118 6.7150453 8.2417555 8.2417555 10.338136 11.055822 12.058572 12.058572 20.932384 21.261811 24.590735 27.119606 27.119606 27.889718
9 0.04109392  -11.10765 -11.10765 -10.958414 -10.22733 -10.201583 -10.201583 -10.136265 -10.075857 -9.8764226 -9.7947287 -1.4362077 6.4544813 8.1112854 8.1112854 10.538223 10.994279 12.248136 12.248136 20.882955 21.312609 24.338604 27.001776 27.001776 27.746208
10 0.04623066  -11.128983 -11.128983 -10.943018 -10.226271 -10.192397 -10.192397 -10.144359 -10.069176 -9.8870061 -9.7914139 -1.3765321 6.1953103 7.9794921 7.9794921 10.720778 10.928188 12.447097 12.447097 20.82521 21.369842 24.06974 26.848432 26.848432 27.590619
11 0.0513674  -11.150925 -11.150925 -10.925599 -10.225843 -10.182328 -10.182328 -10.15268 -10.061654 -9.8967801 -9.7878607 -1.3100464 5.9377118 7.8482004 7.8482004 10.858618 10.883081 12.653713 12.653713 20.758795 21.433383 23.787565 26.656038 26.656038 27.424801
12 0.05650414  -11.172771 -11.172771 -10.90616 -10.22622 -10.171413 -10.171413 -10.160978 -10.053284 -9.905664 -9.7841264 -1.2368172 5.6818323 7.7188288 7.7188288 10.786643 11.02248 12.866656 12.866656 20.684062 21.503093 23.495491 26.426082 26.426082 27.250517
13 0.06164088  -11.193733 -11.193733 -10.88474 -10.22756 -10.168977 -10.159686 -10.159686 -10.044065 -9.9136548 -9.7802772 -1.1569149 5.4278058 7.5924921 7.5924921 10.713327 11.136564 13.084915 13.084915 20.602274 21.578817 23.196995 26.164405 26.164405 27.069415
14 0.06677762  -11.212966 -11.212966 -10.86143 -10.229995 -10.176383 -10.147174 -10.147174 -10.034005 -9.9208081 -9.7763883 -1.0704129 5.1757638 7.4700774 7.4700774 10.639722 11.223398 13.307706 13.307706 20.515662 21.660388 22.895652 25.878782 25.878782 26.883012
15 0.07191436  -11.229603 -11.229603 -10.836378 -10.233628 -10.182885 -10.133901 -10.133901 -10.023119 -9.9272235 -9.7725443 -0.97738541 4.9258396 7.3522993 7.3522993 10.566862 11.281778 13.534411 13.534411 20.427261 21.747632 22.595125 25.576827 25.576827 26.692691
16 0.0770511  -11.242811 -11.242811 -10.809796 -10.238526 -10.18817 -10.119886 -10.119886 -10.011434 -9.9330316 -9.7688388 -0.87790582 4.67817 7.2397407 7.2397407 10.495768 11.311471 13.764517 13.764517 20.340542 21.840361 22.299104 25.265061 25.265061 26.499694
17 0.08218784  -11.251852 -11.251852 -10.781966 -10.24472 -10.191929 -10.105152 -10.105152 -9.9989898 -9.9383848 -9.7653738 -0.7720453 4.4328969 7.1328826 7.1328826 10.427445 11.313363 13.997556 13.997556 20.258893 21.938384 22.01123 24.948823 24.948823 26.30513
18 0.08732458  -11.256162 -11.256162 -10.753229 -10.252207 -10.193876 -10.089726 -10.089726 -9.9858397 -9.9434489 -9.7622588 -0.65987127 4.1901679 7.0321254 7.0321254 10.362884 11.289479 14.233041 14.233041 20.185111 21.73498 22.041505 24.632518 24.632518 26.109977
19 0.09246132  -11.255422 -11.255422 -10.723979 -10.260952 -10.193757 -10.073653 -10.073653 -9.9720535 -9.9483963 -9.7596092 -0.54144666 3.9501369 6.9378058 6.9378058 10.303057 11.24285 14.470383 14.470383 20.12103 21.473552 22.149529 24.319912 24.319912 25.915088
20 0.09759806  -11.249621 -11.249621 -10.694636 -10.270895 -10.191381 -10.057007 -10.057007 -9.9577171 -9.9534008 -9.7575443 -0.41682974 3.712965 6.850208 6.850208 10.248911 11.177251 14.708795 14.708795 20.067378 21.229742 22.262262 24.014382 24.014382 25.7212
21 0.1027348  -11.239084 -11.239084 -10.665619 -10.281956 -10.186631 -10.039902 -10.039902 -9.9586335 -9.9429331 -9.7561844 -0.28607486 3.4788205 6.7695733 6.7695733 10.201354 11.096869 14.947166 14.947166 20.023882 21.00584 22.379518 23.719094 23.719094 25.52894
22 0.10787154  -11.224474 -11.224474 -10.637311 -10.294044 -10.179492 -10.02251 -10.02251 -9.9642594 -9.9278204 -9.7556482 -0.14923406 3.2478792 6.6961065 6.6961065 10.161237 11.00596 15.183916 15.183916 19.98953 20.803547 22.501122 23.43712 23.43712 25.338835
23 0.11300828  -11.206749 -11.206749 -10.610022 -10.307062 -10.17006 -10.005077 -10.005077 -9.9704351 -9.912513 -9.7560493 -0.0063594218 3.0203243 6.6299808 6.6299808 10.129342 10.908571 15.416826 15.416826 19.962925 20.623924 22.626914 23.171512 23.171512 25.151315
24 0.11814502  -11.18708 -11.18708 -10.583966 -10.32091 -10.158554 -9.9879305 -9.9879305 -9.977306 -9.8971581 -9.7574916 0.14249397 2.7963456 6.5713416 6.5713416 10.106359 10.808346 15.642856 15.642856 19.94262 20.467379 22.756752 22.925343 22.925343 24.966727
25 0.12328176  -11.166752 -11.166752 -10.559248 -10.335496 -10.145299 -9.985004 -9.9714864 -9.9714864 -9.8819131 -9.7600662 0.29726474 2.5761381 6.5203094 6.5203094 10.092874 10.708419 15.857992 15.857992 19.9274 20.333684 22.701747 22.701747 22.890515 24.785338
26 0.1284185  -11.147059 -11.147059 -10.535867 -10.350734 -10.130703 -9.9936428 -9.9562347 -9.9562347 -9.8669419 -9.763847 0.45788211 2.359901 6.4769821 6.4769821 10.089358 10.611394 16.057153 16.057153 19.916472 20.222026 22.503943 22.503943 23.028106 24.607346
27 0.13355524  -11.129198 -11.129198 -10.513745 -10.366557 -10.115221 -10.003314 -9.942715 -9.942715 -9.852411 -9.768887 0.62426299 2.1478352 6.4414374 6.4414374 10.096155 10.519367 16.234242 16.234242 19.909578 20.13109 22.335262 22.335262 23.169451 24.432893
28 0.13869198  -11.114207 -11.114207 -10.492751 -10.382912 -10.09931 -10.01408 -9.9314763 -9.9314763 -9.838484 -9.7752153 0.79630991 1.940141 6.413735 6.413735 10.113485 10.433985 16.382432 16.382432 19.907023 20.059148 22.199103 22.199103 23.314502 24.262066
29 0.14382872  -11.102909 -11.102909 -10.47273 -10.399773 -10.083396 -10.025967 -9.923026 -9.923026 -9.8253172 -9.7828349 0.97390961 1.7370161 6.3939185 6.3939185 10.141437 10.356519 16.494765 16.494765 19.909659 20.004175 22.098786 22.098786 23.463231 24.094915
30 0.14896546  -11.095895 -11.095895 -10.453535 -10.417137 -10.067849 -10.038953 -9.9177758 -9.9177758 -9.813054 -9.7917208 1.1569326 1.5386523 6.3820172 6.3820172 10.179972 10.287926 16.565067 16.565067 19.918824 19.963965 22.037222 22.037222 23.61563 23.931461
31 0.1541022  -11.093518 -11.093518 -10.435037 -10.435037 -10.052962 -10.052962 -9.9159945 -9.9159945 -9.8018204 -9.8018204 1.3452335 1.3452335 6.3780483 6.3780483 10.22891 10.22891 16.589019 16.589019 19.93625 19.93625 22.016455 22.016455 23.771702 23.771702
32 0.15591831  -11.092853 -11.090693 -10.434979 -10.434976 -10.053029 -10.052965 -9.9160654 -9.9160428 -9.8025604 -9.8018356 1.344839 1.3455709 6.3761318 6.3784428 10.229179 10.232649 16.585506 16.586422 19.932512 19.937131 22.015184 22.020819 23.762797 23.773793
33 0.15773442  -11.090876 -11.082329 -10.434802 -10.434795 -10.053233 -10.052975 -9.9162779 -9.9161874 -9.8047636 -9.8018814 1.3436545 1.3465897 6.3704117 6.379626 10.229982 10.243835 16.575005 16.57865 19.921397 19.939797 22.011394 22.033809 23.736837 23.780044
34 0.15955054  -11.087638 -11.068746 -10.434494 -10.434493 -10.053573 -10.052992 -9.9166313 -9.916428 -9.8083804 -9.8019581 1.3416766 1.3483091 6.3609753 6.3815973 10.231321 10.262383 16.557641 16.565766 19.903198 19.944319 22.005143 22.055132 23.695922 23.790393
35 0.16136665  -11.083222 -11.050448 -10.43407 -10.434036 -10.054049 -10.053014 -9.9171242 -9.9167641 -9.8133318 -9.8020664 1.3389 1.3507594 6.347964 6.384356 10.233193 10.288156 16.533615 16.547872 19.878364 19.950803 21.996527 22.084329 23.643069 23.804741
36 0.16318276  -11.077735 -11.028084 -10.433529 -10.433402 -10.054664 -10.05304 -9.9177551 -9.917195 -9.819514 -9.8022074 1.3353172 1.3539801 6.3315674 6.3879006 10.235597 10.32097 16.503204 16.525107 19.847461 19.959382 21.985674 22.120827 23.581707 23.822955
37 0.16499887  -11.071303 -11.002394 -10.432868 -10.432554 -10.055419 -10.05307 -9.918522 -9.9177195 -9.8268044 -9.8023821 1.3309187 1.3580169 6.3120163 6.3922294 10.238528 10.360598 16.466751 16.497647 19.811126 19.970203 21.972736 22.163978 23.515243 23.844878
38 0.16681498  -11.064066 -10.974169 -10.432091 -10.431448 -10.056315 -10.053102 -9.9194222 -9.9183364 -9.8350679 -9.8025919 1.3256932 1.3629191 6.2895745 6.3973406 10.241983 10.406785 16.424658 16.465697 19.77002 19.983412 21.957883 22.213106 23.446781 23.870332
39 0.1686311  -11.056168 -10.944203 -10.431198 -10.430028 -10.057355 -10.053133 -9.920453 -9.9190438 -9.8441632 -9.8028382 1.3196275 1.3687369 6.2645301 6.4032315 10.245958 10.459249 16.377374 16.429489 19.724799 19.999138 21.941295 22.267539 23.378971 23.899127
40 0.17044721  -11.047754 -10.913259 -10.43019 -10.428227 -10.058542 -10.053162 -9.9216112 -9.9198396 -9.8539485 -9.8031228 1.312707 1.3755191 6.2371879 6.4098995 10.250447 10.517693 16.325382 16.389276 19.676089 20.017488 21.923161 22.326634 23.313969 23.931067
41 0.17226332  -11.038963 -10.882043 -10.429071 -10.425968 -10.05988 -10.053185 -9.9228933 -9.9207211 -9.8642864 -9.8034472 1.3049154 1.3833111 6.2078614 6.4173415 10.255444 10.581811 16.269186 16.345325 19.62447 20.038531 21.903666 22.389789 23.253447 23.965953
42 0.17407943  -11.029924 -10.85119 -10.427843 -10.423162 -10.061371 -10.053199 -9.9242957 -9.9216851 -9.8750476 -9.8038133 1.2962354 1.392154 6.1768665 6.4255538 10.26094 10.651293 16.209297 16.297914 19.57047 20.062305 21.882992 22.456453 23.198649 24.003591
43 0.17589554  -11.020754 -10.821254 -10.426507 -10.419712 -10.063022 -10.0532 -9.9258144 -9.9227277 -9.8861135 -9.8042228 1.2866488 1.4020834 6.1445157 6.4345325 10.266929 10.72583 16.146222 16.247326 19.514566 20.088802 21.861317 22.526123 23.150441 24.043793
44 0.17771165  -11.011559 -10.792708 -10.425069 -10.415516 -10.064836 -10.053184 -9.9274454 -9.9238444 -9.8973776 -9.8046773 1.2761362 1.4131294 6.1111145 6.4442735 10.273399 10.805121 16.080449 16.193841 19.457184 20.117983 21.838805 22.598346 23.109383 24.086379
45 0.17952777  -11.002429 -10.765938 -10.423532 -10.410474 -10.066821 -10.053146 -9.9291846 -9.9250296 -9.9087464 -9.8051785 1.2646782 1.4253165 6.076957 6.454772 10.280342 10.888872 16.012445 16.137732 19.398704 20.149768 21.815611 22.672712 23.07578 24.131179
46 0.18134388  -10.993439 -10.741248 -10.4219 -10.404494 -10.068983 -10.053079 -9.9310277 -9.926277 -9.9201393 -9.8057279 1.252255 1.4386641 6.0423242 6.466023 10.287744 10.976795 15.942643 16.079266 19.339468 20.184051 21.791879 22.748848 23.049739 24.178033
47 0.18315999  -10.984652 -10.718853 -10.420179 -10.397512 -10.071329 -10.052977 -9.9329705 -9.9314881 -9.9275794 -9.8063268 1.238847 1.4531867 6.0074822 6.4780211 10.295593 11.068618 15.871443 16.018696 19.279782 20.220698 21.767741 22.826417 23.031213 24.226795
48 0.1849761  -10.97612 -10.69888 -10.418374 -10.389499 -10.073869 -10.052832 -9.9427358 -9.9350084 -9.9289282 -9.8069766 1.2244349 1.4688945 5.9726811 6.4907605 10.303876 11.164073 15.799206 15.956258 19.219923 20.259556 21.743316 22.905107 23.020041 24.277326
49 0.18679221  -10.967882 -10.681363 -10.416494 -10.380473 -10.07661 -10.052635 -9.9538359 -9.9371374 -9.930314 -9.8076781 1.2090002 1.4857944 5.9381545 6.504235 10.312576 11.262904 15.726258 15.892177 19.160146 20.300455 21.718715 22.984628 23.015978 24.329501
50 0.18860833  -10.959968 -10.666248 -10.414547 -10.37051 -10.079563 -10.052374 -9.9647511 -9.939353 -9.9317262 -9.8084323 1.1925257 1.5038901 5.9041194 6.5184381 10.321678 11.364862 15.652888 15.826656 19.100689 20.343215 21.694035 23.018722 23.06471 24.383203
51 0.19042444  -10.952399 -10.653408 -10.412541 -10.359734 -10.082738 -10.05204 -9.9754515 -9.9416511 -9.9331527 -9.8092398 1.1749955 1.5231828 5.8707763 6.5333628 10.331165 11.469703 15.579351 15.759886 19.041775 20.387646 21.669364 23.027934 23.145097 24.438324
52 0.19224055  -10.94519 -10.642656 -10.410489 -10.348311 -10.086146 -10.051617 -9.9859143 -9.9440274 -9.9345806 -9.810101 1.1563954 1.543672 5.8383097 6.5490019 10.341016 11.577187 15.505872 15.69204 18.98362 20.433553 21.644783 23.043255 23.22554 24.494766
53 0.19405666  -10.93835 -10.633769 -10.408404 -10.336428 -10.089796 -10.051091 -9.9961222 -9.9464778 -9.9359957 -9.8110161 1.1367135 1.5653554 5.8068885 6.5653474 10.351212 11.687073 15.432647 15.623274 18.926435 20.480739 21.620363 23.064317 23.305802 24.552438
54 0.19587277  -10.931883 -10.626513 -10.4063 -10.324281 -10.093701 -10.050444 -10.006062 -9.9489983 -9.9373829 -9.811985 1.1159403 1.5882297 5.7766663 6.5823915 10.361732 11.799118 15.35985 15.553731 18.870431 20.529005 21.596167 23.090753 23.385647 24.611255
55 0.19768888  -10.925789 -10.620656 -10.404196 -10.312055 -10.097867 -10.049657 -10.015725 -9.9515849 -9.938726 -9.8130075 1.0940688 1.6122906 5.7477824 6.6001254 10.372551 11.913074 15.287633 15.483542 18.815822 20.578153 21.572252 23.122204 23.464846 24.671141
56 0.199505  -10.920064 -10.615983 -10.402113 -10.299921 -10.102305 -10.04871 -10.025105 -9.954234 -9.9400083 -9.8140831 1.0710951 1.6375335 5.7203621 6.6185404 10.383646 12.028682 15.21613 15.412823 18.76283 20.627984 21.548669 23.158321 23.543166 24.732022
57 0.20132111  -10.914705 -10.612303 -10.400076 -10.288026 -10.10702 -10.047577 -10.034198 -9.9569416 -9.9412126 -9.815211 1.0470187 1.6639532 5.6945175 6.6376271 10.394991 12.145668 15.145458 15.34168 18.711688 20.6783 21.525461 23.198772 23.62038 24.793832
58 0.20313722  -10.909703 -10.60945 -10.398112 -10.276495 -10.112015 -10.046235 -10.043002 -9.9597043 -9.9423215 -9.8163904 1.0218421 1.6915441 5.6703481 6.6573757 10.406558 12.263742 15.075724 15.270209 18.662645 20.728904 21.50267 23.24324 23.696256 24.856508
59 0.20495333  -10.90505 -10.60728 -10.396257 -10.265433 -10.117288 -10.051516 -10.044658 -9.9625185 -9.9433175 -9.8176202 0.99557179 1.7203008 5.6479412 6.6777761 10.418317 12.382588 15.007024 15.198497 18.615967 20.7796 21.480329 23.291426 23.770564 24.919989
60 0.20676944  -10.900737 -10.605676 -10.394549 -10.254924 -10.122834 -10.059741 -10.042817 -9.9653808 -9.9441837 -9.8188989 0.96821758 1.7502176 5.6273729 6.6988178 10.430237 12.501866 14.939444 15.126623 18.571944 20.830191 21.458469 23.343051 23.843073 24.984219
61 0.20858556  -10.896755 -10.604537 -10.393036 -10.245036 -10.128639 -10.067677 -10.040687 -9.9682881 -9.9449039 -9.8202252 0.93979318 1.7812891 5.6087084 6.7204898 10.442287 12.621198 14.873065 15.054658 18.530892 20.880481 21.437117 23.397851 23.913552 25.049143
62 0.21173115  -10.89273 -10.604171 -10.392629 -10.240456 -10.131988 -10.07126 -10.039364 -9.9695777 -9.9452234 -9.8216397 0.92471419 1.7978601 5.6013966 6.727231 10.457037 12.681044 14.832643 15.010121 18.516086 20.886745 21.444665 23.399563 23.976092 25.064915
63 0.21487675  -10.884719 -10.604013 -10.392806 -10.236306 -10.136025 -10.074193 -10.037717 -9.970518 -9.9455226 -9.8244453 0.9087744 1.8155467 5.5971586 6.725613 10.488999 12.740985 14.775581 14.951367 18.510819 20.859551 21.484276 23.361029 24.080761 25.050873
64 0.21802235  -10.873194 -10.604082 -10.393562 -10.232628 -10.140599 -10.076487 -10.035798 -9.9711151 -9.9457747 -9.8284841 0.89244987 1.8338178 5.5959626 6.7161102 10.537638 12.800284 14.697887 14.885421 18.514275 20.810654 21.544086 23.302302 24.204835 25.021748
65 0.22116795  -10.858737 -10.604409 -10.394879 -10.229451 -10.145522 -10.078199 -10.033655 -9.9713833 -9.9459516 -9.8335731 0.87616175 1.8521963 5.5977213 6.6995114 10.602114 12.857855 14.597138 14.819018 18.525264 20.75102 21.612959 23.23571 24.330553 24.994594
66 0.22431355  -10.841993 -10.605034 -10.396722 -10.226797 -10.150593 -10.079405 -10.031341 -9.971347 -9.9460219 -9.8395144 0.86027622 1.870259 5.602282 6.6768628 10.681322 12.912051 14.476599 14.754372 18.542365 20.687546 21.68381 23.167557 24.441361 24.986051
67 0.22745914  -10.823623 -10.60601 -10.399038 -10.224678 -10.155611 -10.080194 -10.028906 -9.9710409 -9.9459495 -9.846103 0.84510751 1.8876337 5.6094141 6.649405 10.773933 12.960316 14.343839 14.690615 18.56406 20.624191 21.752526 23.101277 24.519361 25.012761
68 0.23060474  -10.804279 -10.607401 -10.401751 -10.223096 -10.160388 -10.080651 -10.026409 -9.9705116 -9.9456922 -9.8531325 0.83092235 1.9039953 5.6187933 6.6185158 10.87842 12.998623 14.208181 14.626685 18.588825 20.563307 21.816689 23.038948 24.556137 25.080417
69 0.23375034  -10.784577 -10.609281 -10.404762 -10.222036 -10.16476 -10.080856 -10.023914 -9.9698172 -9.9452033 -9.8603961 0.81794478 1.9190617 5.6299841 6.5856661 10.99303 13.020792 14.080417 14.562185 18.615174 20.506423 21.874834 22.981941 24.562422 25.174359
70 0.23689594  -10.765094 -10.611726 -10.407941 -10.221458 -10.168595 -10.080882 -10.021496 -9.9690262 -9.9444363 -9.8676845 0.80636092 1.9325906 5.642421 6.5523913 11.115684 13.018449 13.972918 14.497337 18.641679 20.454661 21.926065 22.9312 24.553978 25.274268
71 0.24004154  -10.746372 -10.614803 -10.411129 -10.221291 -10.17181 -10.080793 -10.019237 -9.968214 -9.9433594 -9.8747777 0.79632324 1.9443763 5.6553957 6.5202712 11.243748 12.983722 13.897232 14.432892 18.666983 20.408942 21.969845 22.887395 24.540634 25.366147
72 0.24318713  -10.728949 -10.618534 -10.414141 -10.221431 -10.17437 -10.080645 -10.017225 -9.9674545 -9.941981 -9.8814293 0.78795444 1.9542478 5.6680563 6.4909098 11.373541 12.915633 13.858109 14.370211 18.689809 20.3701 22.005869 22.851005 24.527139 25.442608
73 0.24633273  -10.713423 -10.622818 -10.416776 -10.221744 -10.176286 -10.080482 -10.015548 -9.9668111 -9.94039 -9.887342 0.78135059 1.962067 5.6794367 6.4658942 11.499353 12.824378 13.849907 14.311577 18.708988 20.338902 22.033975 22.822373 24.515644 25.500919
74 0.24947833  -10.700588 -10.627288 -10.418837 -10.222093 -10.177601 -10.08034 -10.014285 -9.9663283 -9.9388008 -9.8921346 0.77658376 1.9677274 5.6885314 6.4467144 11.611546 12.728814 13.860353 14.260879 18.723503 20.316039 22.054084 22.801748 24.507094 25.541149
75 0.25262393  -10.691678 -10.631039 -10.420152 -10.222357 -10.178365 -10.080245 -10.0135 -9.9660315 -9.9375695 -9.8953332 0.77370403 1.9711537 5.6944267 6.4346297 11.693962 12.653191 13.875498 14.224546 18.732556 20.302073 22.06616 22.789304 24.501874 25.564508
76 0.25576953  -10.688384 -10.632589 -10.420604 -10.222454 -10.178615 -10.080211 -10.013234 -9.9659316 -9.9370963 -9.8964697 0.77274087 1.9723008 5.6964712 6.4304992 11.72529 12.623617 13.88252 14.210935 18.735633 20.297374 22.070186 22.785144 24.500123 25.572146
77 0.25891512  -10.691678 -10.631039 -10.420152 -10.222357 -10.178365 -10.080245 -10.0135 -9.9660315 -9.9375695 -9.8953332 0.77370403 1.9711537 5.6944267 6.4346297 11.693962 12.653191 13.875498 14.224546 18.732556 20.302073 22.06616 22.789304 24.501874 25.564508
78 0.26206072  -10.700588 -10.627288 -10.418837 -10.222093 -10.177601 -10.08034 -10.014285 -9.9663283 -9.9388008 -9.8921346 0.77658376 1.9677274 5.6885314 6.4467144 11.611546 12.728814 13.860353 14.260879 18.723503 20.316039 22.054084 22.801748 24.507094 25.541149
79 0.26520632  -10.713423 -10.622818 -10.416776 -10.221744 -10.176286 -10.080482 -10.015548 -9.9668111 -9.94039 -9.887342 0.78135059 1.962067 5.6794367 6.4658942 11.499353 12.824378 13.849907 14.311577 18.708988 20.338902 22.033975 22.822373 24.515644 25.500919
80 0.26835192  -10.728949 -10.618534 -10.414141 -10.221431 -10.17437 -10.080645 -10.017225 -9.9674545 -9.941981 -9.8814293 0.78795444 1.9542478 5.6680563 6.4909098 11.373541 12.915633 13.858109 14.370211 18.689809 20.3701 22.005869 22.851005 24.527139 25.442608
81 0.27149752  -10.746372 -10.614803 -10.411129 -10.221291 -10.17181 -10.080793 -10.019237 -9.968214 -9.9433594 -9.8747777 0.79632324 1.9443763 5.6553957 6.5202712 11.243748 12.983722 13.897232 14.432892 18.666983 20.408942 21.969845 22.887395 24.540634 25.366147
82 0.27464311  -10.765094 -10.611726 -10.407941 -10.221458 -10.168595 -10.080882 -10.021496 -9.9690262 -9.9444363 -9.8676845 0.80636092 1.9325906 5.642421 6.5523913 11.115684 13.018449 13.972918 14.497337 18.641679 20.454661 21.926065 22.9312 24.553978 25.274268
83 0.27778871  -10.784577 -10.609281 -10.404762 -10.222036 -10.16476 -10.080856 -10.023914 -9.9698172 -9.9452033 -9.8603961 0.81794478 1.9190617 5.6299841 6.5856661 10.99303 13.020792 14.080417 14.562185 18.615174 20.506423 21.874834 22.981941 24.562422 25.174359
84 0.28093431  -10.804279 -10.607401 -10.401751 -10.223096 -10.160388 -10.080651 -10.026409 -9.9705116 -9.9456922 -9.8531325 0.83092235 1.9039953 5.6187933 6.6185158 10.87842 12.998623 14.208181 14.626685 18.588825 20.563307 21.816689 23.038948 24.556137 25.080417
85 0.28407991  -10.823623 -10.60601 -10.399038 -10.224678 -10.155611 -10.080194 -10.028906 -9.9710409 -9.9459495 -9.846103 0.84510751 1.8876337 5.6094141 6.649405 10.773933 12.960316 14.343839 14.690615 18.56406 20.624191 21.752526 23.101277 24.519361 25.012761
86 0.28722551  -10.841993 -10.605034 -10.396722 -10.226797 -10.150593 -10.079405 -10.031341 -9.971347 -9.9460219 -9.8395144 0.86027622 1.870259 5.602282 6.6768628 10.681322 12.912051 14.476599 14.754372 18.542365 20.687546 21.68381 23.167557 24.441361 24.986051
87 0.2903711  -10.858737 -10.604409 -10.394879 -10.229451 -10.145522 -10.078199 -10.033655 -9.9713833 -9.9459516 -9.8335731 0.87616175 1.8521963 5.5977213 6.6995114 10.602114 12.857855 14.597138 14.819018 18.525264 20.75102 21.612959 23.23571 24.330553 24.994594
88 0.2935167  -10.873194 -10.604082 -10.393562 -10.232628 -10.140599 -10.076487 -10.035798 -9.9711151 -9.9457747 -9.8284841 0.89244987 1.8338178 5.5959626 6.7161102 10.537638 12.800284 14.697887 14.885421 18.514275 20.810654 21.544086 23.302302 24.204835 25.021748
89 0.2966623  -10.884719 -10.604013 -10.392806 -10.236306 -10.136025 -10.074193 -10.037717 -9.970518 -9.9455226 -9.8244453 0.9087744 1.8155467 5.5971586 6.725613 10.488999 12.740985 14.775581 14.951367 18.510819 20.859551 21.484276 23.361029 24.080761 25.050873
90 0.2998079  -10.89273 -10.604171 -10.392629 -10.240456 -10.131988 -10.07126 -10.039364 -9.9695777 -9.9452234 -9.8216397 0.92471419 1.7978601 5.6013966 6.727231 10.457037 12.681044 14.832643 15.010121 18.516086 20.886745 21.444665 23.399563 23.976092 25.064915
91 0.3029535  -10.896755 -10.604537 -10.393036 -10.245036 -10.128639 -10.067677 -10.040687 -9.9682881 -9.9449039 -9.8202252 0.93979318 1.7812891 5.6087084 6.7204898 10.442287 12.621198 14.873065 15.054658 18.530892 20.880481 21.437117 23.397851 23.913552 25.049143
92 0.30840183  -10.886688 -10.603169 -10.390265 -10.219568 -10.147358 -10.08977 -10.03233 -9.9772487 -9.9460438 -9.8244714 0.84829126 1.8813778 5.5646397 6.7891709 10.47885 12.975156 14.681857 14.838852 18.429195 21.027546 21.376328 23.578933 24.11058 25.24756
93 0.31385017  -10.879233 -10.6038 -10.391859 -10.200823 -10.167017 -10.109328 -10.020768 -9.986508 -9.9454205 -9.8290759 0.74800159 1.9916718 5.5391388 6.8630871 10.51521 13.311873 14.503941 14.624292 18.368741 21.16462 21.320767 23.780718 24.281719 25.409568
94 0.3192985  -10.874135 -10.605621 -10.40081 -10.188554 -10.185459 -10.126401 -10.0062 -9.9959977 -9.94289 -9.8339759 0.6398583 2.1120468 5.5325659 6.94187 10.550167 13.613603 14.340991 14.412161 18.36323 21.270692 21.285979 23.998573 24.422898 25.300783
95 0.32474684  -10.871168 -10.608282 -10.420515 -10.199963 -10.181791 -10.141039 -10.005659 -9.9894141 -9.9385418 -9.8391011 0.52501373 2.242392 5.5447847 7.0251129 10.582371 13.859902 14.194606 14.203418 18.426855 21.226187 21.385738 24.228773 24.533028 25.192139
96 0.33019517  -10.87013 -10.611743 -10.453176 -10.208747 -10.179293 -10.153291 -10.015444 -9.9714457 -9.9327465 -9.8443769 0.40477448 2.3826087 5.5752931 7.1123696 10.610349 13.998856 14.032016 14.066299 18.569309 21.187189 21.458287 24.468312 24.615351 25.090721
97 0.33564351  -10.870838 -10.616198 -10.498547 -10.212075 -10.179922 -10.163216 -10.025314 -9.9532422 -9.9261842 -9.849725 0.28053416 2.5326083 5.6233407 7.2031525 10.632565 13.79915 13.957397 14.119206 18.789356 21.153503 21.499225 24.677927 24.714736 25.005312
98 0.34109184  -10.873119 -10.622032 -10.554508 -10.21153 -10.18277 -10.170891 -10.03524 -9.9355303 -9.919827 -9.8550647 0.15370948 2.6923101 5.6880254 7.2969322 10.647528 13.604877 13.86884 14.122642 19.071924 21.124822 21.506686 24.732618 24.944001 24.96601
99 0.34654018  -10.876806 -10.629787 -10.618205 -10.208751 -10.187135 -10.176415 -10.045207 -9.9188243 -9.9148496 -9.8603122 0.025681767 2.8616398 5.7683686 7.3931366 10.653932 13.41654 13.800895 14.053749 19.392259 21.10074 21.482555 24.792584 24.912168 25.220411
100 0.35198852  -10.881733 -10.686536 -10.640127 -10.204914 -10.192453 -10.179912 -10.055207 -9.912458 -9.9034728 -9.8653792 -0.1022552 3.0405281 5.8633662 7.4911515 10.650822 13.234575 13.752779 13.92923 19.724686 21.080777 21.432846 24.868984 24.912116 25.476429
101 0.35743685  -10.887731 -10.756249 -10.653797 -10.200745 -10.198242 -10.181532 -10.065246 -9.9136665 -9.889697 -9.8701707 -0.22893905 3.2289093 5.9720179 7.5903229 10.637732 13.059366 13.722273 13.766648 20.050588 21.064402 21.366874 24.94469 24.968144 25.732685
102 0.36288519  -10.894628 -10.824085 -10.671542 -10.204076 -10.196669 -10.18145 -10.075339 -9.9190905 -9.8776129 -9.8745828 -0.35336884 3.4267188 6.0933351 7.6899607 10.614764 12.891247 13.58192 13.70538 20.362168 21.05107 21.29556 25.012 25.090518 25.987843
103 0.36833352  -10.902255 -10.887056 -10.694008 -10.209591 -10.192931 -10.179857 -10.085509 -9.9288229 -9.8785003 -9.8672431 -0.47471445 3.6338903 6.2263334 7.789344 10.582566 12.730513 13.388126 13.69617 20.661471 21.040256 21.229507 25.11977 25.23188 26.240532
104 0.37378186  -10.942768 -10.910443 -10.721608 -10.214506 -10.189688 -10.176957 -10.095784 -9.9424362 -9.8817955 -9.8585251 -0.59230304 3.8503498 6.3700131 7.8877294 10.542221 12.57742 13.19498 13.686913 20.956379 21.031497 21.177253 25.278219 25.385895 26.48926
105 0.37923019  -10.989653 -10.91903 -10.754371 -10.218643 -10.187063 -10.17296 -10.106191 -9.9590927 -9.8843289 -9.8513213 -0.7055881 4.0760082 6.5233338 7.984361 10.495076 12.432192 13.008795 13.668645 21.024422 21.143851 21.256137 25.501094 25.546514 26.70136
106 0.38467853  -11.027017 -10.92786 -10.791804 -10.221947 -10.185173 -10.168079 -10.116753 -9.977713 -9.8859526 -9.8454337 -0.81411236 4.3107498 6.6851878 8.0784829 10.442546 12.295024 12.832875 13.632167 21.018784 21.130009 21.568162 25.709288 25.802787 26.892071
107 0.39012686  -11.054923 -10.936788 -10.832799 -10.224467 -10.184153 -10.162521 -10.127477 -9.9971423 -9.8865167 -9.8406246 -0.91747557 4.5544185 6.8543745 8.1693529 10.385945 12.166086 12.668224 13.569359 21.014468 21.132218 21.896548 25.871613 26.193215 27.101102
108 0.3955752  -11.073997 -10.945677 -10.875616 -10.226335 -10.184157 -10.156485 -10.138348 -10.01628 -9.8858799 -9.8366403 -1.015313 4.806802 7.029575 8.2562576 10.326334 12.045525 12.514366 13.47444 21.011494 21.14415 22.241819 26.032377 26.670168 27.194127
109 0.40102354  -11.085219 -10.954403 -10.917984 -10.227725 -10.18535 -10.150161 -10.149324 -10.034167 -9.8839224 -9.8332365 -1.1072843 5.0676156 7.2093266 8.3385282 10.26439 11.933469 12.370071 13.344787 21.009992 21.158899 22.601336 26.191429 27.205456 27.208198
110 0.40647187  -11.089752 -10.962851 -10.957342 -10.228815 -10.187868 -10.160327 -10.143723 -10.050052 -9.8805628 -9.8302007 -1.1930708 5.3364868 7.3919951 8.415555 10.200291 11.830027 12.233902 13.18112 21.010169 21.171002 22.969943 26.349054 27.224573 27.699934
111 0.41192021  -11.088838 -10.991219 -10.970916 -10.229762 -10.191756 -10.171244 -10.137334 -10.063449 -9.8757761 -9.827369 -1.2723756 5.6129413 7.5757419 8.4868012 10.133576 11.735297 12.104577 12.987142 21.012253 21.177389 23.34065 26.505476 27.251627 27.932439
112 0.41736854  -11.083719 -11.017658 -10.978503 -10.23068 -10.196891 -10.181929 -10.131138 -10.074182 -9.8696123 -9.8246353 -1.3449262 5.8963872 7.7584844 8.5518149 10.06298 11.649361 11.981176 12.768964 21.016442 21.177238 23.705287 26.660294 27.285413 28.061323
113 0.42281688  -11.075594 -11.035593 -10.985528 -10.23164 -10.202967 -10.192209 -10.125265 -10.082383 -9.862215 -9.8219524 -1.4104765 6.1860916 7.9378454 8.6102381 9.9862393 11.57229 11.863269 12.534585 21.02283 21.171265 24.055172 26.811818 27.323526 28.164574
114 0.42826521  -11.065593 -11.045041 -10.991913 -10.232664 -10.209535 -10.201894 -10.119829 -10.088405 -9.8538362 -9.8193258 -1.4688079 6.4811403 8.1110893 8.6618123 9.8998865 11.504147 11.751001 12.293544 21.031343 21.160983 24.381828 26.956401 27.362459 28.182289
115 0.43371355  -11.054748 -11.047049 -10.997589 -10.233738 -10.216116 -10.210785 -10.114929 -10.092692 -9.8448438 -9.8168021 -1.5197305 6.7803643 8.2750451 8.7063795 9.7991791 11.444986 11.645176 12.056674 21.04168 21.148149 24.677703 27.088226 27.39776 28.095289
116 0.43916188  -11.043976 -11.043435 -11.002497 -10.234817 -10.22228 -10.218689 -10.110647 -10.095671 -9.8357176 -9.8144559 -1.5630823 7.0822027 8.4260282 8.7438779 9.6784267 11.394851 11.547342 11.835653 21.053262 21.134446 24.936722 27.20037 27.424511 27.956508
117 0.44461022  -11.036415 -11.034068 -11.006584 -10.235838 -10.227691 -10.225425 -10.107052 -10.097695 -9.8270275 -9.8123747 -1.5987292 7.3844334 8.5597909 8.7743295 9.5321456 11.35378 11.459851 11.641976 21.06522 21.12133 25.15442 27.287484 27.43859 27.797587
118 0.45005856  -11.02823 -11.025679 -11.009809 -10.236732 -10.232107 -10.230838 -10.104201 -10.099031 -9.8193906 -9.8106469 -1.6265633 7.6835467 8.671575 8.7978198 9.357321 11.321804 11.385842 11.485248 21.076439 21.109972 25.327582 27.348504 27.438902 27.645608
119 0.45550689  -11.020856 -11.019321 -11.012137 -10.237429 -10.235363 -10.234799 -10.102134 -10.099865 -9.8134079 -9.8093508 -1.6465025 7.9728172 8.7563788 8.814469 9.1569291 11.298947 11.329 11.37157 21.085681 21.101254 25.453665 27.386706 27.429392 27.521739
120 0.46095523  -11.015804 -11.015359 -11.013543 -10.237872 -10.237355 -10.237213 -10.100883 -10.10032 -9.8095887 -9.8085475 -1.6584888 8.2331411 8.8095527 8.8243985 8.9493297 11.285226 11.293003 11.303325 21.091787 21.095786 25.530456 27.407043 27.418195 27.441234
121 0.46640356  -11.014014 -11.014014 -11.014014 -10.238025 -10.238025 -10.238025 -10.100464 -10.100464 -9.8082753 -9.8082753 -1.6624881 8.3721675 8.8276974 8.8276974 8.8276974 11.280651 11.280651 11.280651 21.093925 21.093925 25.55627 27.413361 27.413361 27.413361
122 0.47085211  -11.015409 -11.014206 -11.014206 -10.237954 -10.237515 -10.237515 -10.100556 -10.100556 -9.8088055 -9.8088055 -1.6598218 8.2729432 8.8221966 8.8221966 8.9119776 11.287693 11.287693 11.293026 21.09383 21.09383 25.539039 27.41414 27.41414 27.429512
123 0.47530066  -11.01942 -11.014761 -11.014761 -10.237744 -10.235998 -10.235998 -10.100824 -10.100824 -9.8103708 -9.8103708 -1.6518289 8.0707683 8.8059372 8.8059372 9.0686376 11.30853 11.30853 11.330852 21.093581 21.093581 25.487552 27.41503 27.41503 27.476926
124 0.4797492  -11.025529 -11.01561 -11.01561 -10.237398 -10.233507 -10.233507 -10.101247 -10.101247 -9.812897 -9.812897 -1.6385273 7.8368892 8.779612 8.779612 9.2247102 11.342344 11.342344 11.395915 21.093278 21.093278 25.402464 27.411906 27.411906 27.552455
125 0.48419775  -11.032878 -11.016643 -11.016643 -10.236922 -10.230101 -10.230101 -10.101788 -10.101788 -9.8162661 -9.8162661 -1.6199467 7.5896845 8.7442655 8.7442655 9.3599835 11.387877 11.387877 11.490162 21.093081 21.093081 25.284944 27.398711 27.398711 27.650777
126 0.4886463  -11.040281 -11.01771 -11.01771 -10.236324 -10.225865 -10.225865 -10.102388 -10.102388 -9.8203239 -9.8203239 -1.5961278 7.3355798 8.7011667 8.7011667 9.467322 11.443567 11.443567 11.614469 21.093197 21.093197 25.136716 27.36872 27.36872 27.764278
127 0.49309485  -11.046267 -11.018626 -11.018626 -10.235607 -10.220914 -10.220914 -10.102966 -10.102966 -9.82489 -9.82489 -1.567122 7.0777855 8.651682 8.651682 9.5448649 11.507678 11.507678 11.767723 21.093867 21.093867 24.960039 27.316054 27.316054 27.882899
128 0.49754339  -11.049148 -11.019184 -11.019184 -10.234773 -10.2154 -10.2154 -10.103408 -10.103408 -9.8297696 -9.8297696 -1.5329912 6.8182985 8.5971736 8.5971736 9.5941018 11.578409 11.578409 11.946747 21.095362 21.095362 24.75764 27.236851 27.236851 27.993973
129 0.50199194  -11.047144 -11.019159 -11.019159 -10.233818 -10.209517 -10.209517 -10.103561 -10.103561 -9.8347648 -9.8347648 -1.4938064 6.5585367 8.5389294 8.5389294 9.6185158 11.653973 11.653973 12.147047 21.097974 21.097974 24.53262 27.129656 27.129656 28.082211
130 0.50644049  -11.038555 -11.018328 -11.018328 -10.232732 -10.203508 -10.203508 -10.10322 -10.10322 -9.8396868 -9.8396868 -1.4496488 6.2995994 8.4781236 8.4781236 9.6223751 11.732652 11.732652 12.363762 21.102015 21.102015 24.288368 26.995142 26.995142 28.129974
131 0.51088904  -11.021974 -11.01648 -11.01648 -10.231491 -10.197671 -10.197671 -10.10213 -10.10213 -9.8443661 -9.8443661 -1.4006099 6.0423979 8.4158005 8.4158005 9.6099229 11.812827 11.812827 12.592358 21.107818 21.107818 24.02851 26.835512 26.835512 28.117703
132 0.51533758  -11.013438 -11.013438 -10.996513 -10.230064 -10.192341 -10.192341 -10.099989 -10.099989 -9.8486613 -9.8486613 -1.3467944 5.7877299 8.3528732 8.3528732 9.5850011 11.893002 11.893002 12.828919 21.115747 21.115747 23.75689 26.653867 26.653867 28.024091
133 0.51978613  -11.009068 -11.009068 -10.961995 -10.228396 -10.187854 -10.187854 -10.096494 -10.096494 -9.8524657 -9.8524657 -1.2883243 5.5363261 8.2901313 8.2901313 9.5509575 11.971816 11.971816 13.070184 21.126201 21.126201 23.477589 26.453665 26.453665 27.826917
134 0.52423468  -11.003299 -11.003299 -10.919042 -10.226413 -10.184473 -10.184473 -10.091411 -10.091411 -9.8557112 -9.8557112 -1.225346 5.2888802 8.2282531 8.2282531 9.5106765 12.04806 12.04806 13.313456 21.139622 21.139622 23.194945 26.23833 26.23833 27.508781
135 0.52868323  -10.996126 -10.996126 -10.869061 -10.224009 -10.182321 -10.182321 -10.084641 -10.084641 -9.8583703 -9.8583703 -1.1580397 5.046069 8.1678184 8.1678184 9.4666379 12.120686 12.120686 13.556476 21.156502 21.156502 22.91355 26.011032 26.011032 27.070147
136 0.53313177  -10.987618 -10.987618 -10.814086 -10.221045 -10.18136 -10.18136 -10.076247 -10.076247 -9.8604552 -9.8604552 -1.0866317 4.8085671 8.1093216 8.1093216 9.4209594 12.188819 12.188819 13.797322 21.177383 21.177383 22.638175 25.7746 25.7746 26.537695
137 0.53758032  -10.977912 -10.977912 -10.756538 -10.217337 -10.181431 -10.181431 -10.066412 -10.066412 -9.8620151 -9.8620151 -1.0114094 4.5770573 8.0531839 8.0531839 9.375417 12.251768 12.251768 14.034326 21.20286 21.20286 22.37357 25.531525 25.531525 25.953832
138 0.54202887  -10.967208 -10.967208 -10.698947 -10.212661 -10.182321 -10.182321 -10.05538 -10.05538 -9.8631322 -9.8631322 -0.93273847 4.3522435 7.9997634 7.9997634 9.3314512 12.309035 12.309035 14.266027 21.233577 21.233577 22.124125 25.28402 25.28402 25.358591
139 0.54647741  -10.955755 -10.955755 -10.643699 -10.206761 -10.183815 -10.183815 -10.043405 -10.043405 -9.8639163 -9.8639163 -0.8510829 4.134866 7.9493645 7.9493645 9.2901686 12.360313 12.360313 14.491137 21.270213 21.270213 21.893383 24.780794 25.034086 25.034086
140 0.55092596  -10.943837 -10.943837 -10.592822 -10.199387 -10.185722 -10.185722 -10.030729 -10.030729 -9.864499 -9.864499 -0.76702886 3.9257241 7.9022459 7.9022459 9.2523529 12.405483 12.405483 14.70852 21.313474 21.313474 21.683466 24.238444 24.783572 24.783572
141 0.55537451  -10.931755 -10.931755 -10.547838 -10.190365 -10.187879 -10.187879 -10.017573 -10.017573 -9.8650275 -9.8650275 -0.68131285 3.7257077 7.8586267 7.8586267 9.2184882 12.444606 12.444606 14.917157 21.364077 21.364077 21.494496 23.742238 24.534221 24.534221
142 0.55982306  -10.919813 -10.919813 -10.509651 -10.190156 -10.190156 -10.179694 -10.004144 -10.004144 -9.8656585 -9.8656585 -0.59485606 3.5358376 7.8186926 7.8186926 9.1887972 12.477899 12.477899 15.116095 21.324158 21.422731 21.422731 23.298976 24.287685 24.287685
143 0.5642716  -10.908306 -10.908306 -10.4785 -10.192443 -10.192443 -10.167639 -9.9906387 -9.9906387 -9.866552 -9.866552 -0.50880518 3.3573151 7.7826001 7.7826001 9.1632893 12.505712 12.505712 15.304344 21.167632 21.490122 21.490122 22.913941 24.045529 24.045529
144 0.56872015  -10.897507 -10.897507 -10.454019 -10.19465 -10.19465 -10.154749 -9.9772413 -9.9772413 -9.8678656 -9.8678656 -0.42457859 3.1915782 7.7504805 7.7504805 9.1418148 12.528494 12.528494 15.480731 21.018388 21.566899 21.566899 22.59181 23.809216 23.809216
145 0.5731687  -10.88766 -10.88766 -10.435402 -10.196703 -10.196703 -10.141777 -9.9641286 -9.9641286 -9.8697491 -9.8697491 -0.34391201 3.0403567 7.7224433 7.7224433 9.1241181 12.546758 12.546758 15.643707 20.87048 21.653654 21.653654 22.335646 23.580089 23.580089
146 0.57761725  -10.878978 -10.878978 -10.42165 -10.19854 -10.19854 -10.129521 -9.9514667 -9.9514667 -9.8723387 -9.8723387 -0.26889028 2.9057134 7.6985784 7.6985784 9.1098867 12.561042 12.561042 15.791137 20.722086 21.750916 21.750916 22.144321 23.359346 23.359346
147 0.58206579  -10.871639 -10.871639 -10.411776 -10.200111 -10.200111 -10.118685 -9.9394101 -9.9394101 -9.8757522 -9.8757522 -0.20193985 2.790044 7.6789587 7.6789587 9.0987931 12.571874 12.571874 15.920142 20.577947 21.859128 21.859128 22.010799 23.148036 23.148036
148 0.58651434  -10.865786 -10.865786 -10.404939 -10.201375 -10.201375 -10.109805 -9.9281001 -9.9281001 -9.8800827 -9.8800827 -0.14574336 2.6959981 7.6636419 7.6636419 9.0905284 12.579739 12.579739 16.027077 20.448223 21.923727 21.978625 21.978625 22.94706 22.94706
149 0.59096289  -10.861528 -10.861528 -10.400494 -10.2023 -10.2023 -10.103247 -9.9176691 -9.9176691 -9.8853874 -9.8853874 -0.10303397 2.6262781 7.6526711 7.6526711 9.0848285 12.585043 12.585043 16.10779 20.344835 21.871172 22.109552 22.109552 22.75724 22.75724
150 0.59541144  -10.858944 -10.858944 -10.397999 -10.202864 -10.202864 -10.099236 -9.9082893 -9.9082893 -9.8916342 -9.8916342 -0.076252204 2.5833004 7.6460767 7.6460767 9.0814923 12.588097 12.588097 16.158248 20.278177 21.84358 22.251367 22.251367 22.579811 22.579811
151 0.59985998  -10.858077 -10.858077 -10.397195 -10.203054 -10.203054 -10.097887 -9.9017463 -9.9017463 -9.8971233 -9.8971233 -0.067117173 2.5687685 7.6438766 7.6438766 9.0803944 12.589093 12.589093 16.175442 20.255154 21.835042 22.378383 22.378383 22.440878 22.440878
152 0.60349221  -10.858189 -10.857752 -10.397446 -10.203378 -10.202927 -10.097883 -9.9041264 -9.9040674 -9.895039 -9.8949153 -0.065378399 2.568423 7.6205139 7.6408302 9.1049493 12.586994 12.595442 16.168552 20.246566 21.807614 22.347182 22.378316 22.483081 22.489366
153 0.60712443  -10.858511 -10.856764 -10.398195 -10.204334 -10.202543 -10.097882 -9.9080582 -9.9079227 -9.8919008 -9.8915003 -0.060165073 2.5673604 7.5550519 7.6317032 9.1739367 12.580825 12.614519 16.147998 20.221225 21.742591 22.305637 22.383732 22.557197 22.611257
154 0.61075665  -10.858998 -10.855072 -10.399434 -10.205876 -10.201882 -10.097914 -9.9123148 -9.9120502 -9.8889902 -9.8881075 -0.051486068 2.5655029 7.4580422 7.6165324 9.276656 12.570956 12.646401 16.11412 20.180307 21.664807 22.269782 22.39514 22.645984 22.779154
155 0.61438888  -10.859574 -10.852612 -10.401144 -10.207927 -10.200917 -10.098026 -9.9167442 -9.9162524 -9.8865353 -9.8848907 -0.039355791 2.5627207 7.3403916 7.5953816 9.4019698 12.557973 12.691193 16.06744 20.125493 21.586804 22.239726 22.411936 22.747592 22.977794
156 0.6180211  -10.860128 -10.849298 -10.403302 -10.210392 -10.199612 -10.09828 -9.921295 -9.920448 -9.8846565 -9.8819018 -0.02379363 2.5588327 7.210635 7.5683436 9.5410585 12.542633 12.748972 16.008611 20.05868 21.512881 22.214452 22.434006 22.861052 23.198534
157 0.62165333  -10.860516 -10.845027 -10.405871 -10.213156 -10.197925 -10.098749 -9.9259316 -9.9245887 -9.8834459 -9.8791732 -0.0048232034 2.5536064 7.0747855 7.5355434 9.68761 12.525808 12.819727 15.938368 19.981741 21.443811 22.192968 22.461361 22.985363 23.435161
158 0.62528555  -10.860553 -10.839689 -10.408805 -10.216094 -10.195809 -10.099516 -9.9306169 -9.9286451 -9.8829773 -9.8767321 0.017528543 2.5467601 6.9370032 7.4971416 9.8372029 12.508431 12.90327 15.85748 19.896378 21.378974 22.174494 22.493991 23.119448 23.682049
159 0.62891777  -10.860021 -10.83317 -10.412046 -10.219075 -10.193218 -10.100671 -9.9353071 -9.9326038 -9.8833053 -9.8746039 0.043232344 2.5379656 6.8002375 7.4533372 9.9867237 12.491445 12.999137 15.766723 19.804072 21.317268 22.158467 22.531792 23.262209 23.933444
160 0.63255  -10.858665 -10.825367 -10.415522 -10.221965 -10.190102 -10.10231 -9.9399481 -9.9364661 -9.8844622 -9.8728133 0.072257645 2.5268526 6.6666712 7.4043689 10.133982 12.475753 13.106469 15.666866 19.706103 21.257504 22.144505 22.574522 23.412554 24.183123
161 0.63618222  -10.856207 -10.816196 -10.419149 -10.224632 -10.186417 -10.104535 -9.9444742 -9.9402485 -9.8864538 -9.871385 0.10457356 2.5130162 6.5379983 7.3505165 10.277486 12.462189 13.223916 15.558669 19.603622 21.198587 22.132349 22.621757 23.569415 24.424071
162 0.63981444  -10.852355 -10.805602 -10.422828 -10.226945 -10.182118 -10.107448 -9.9488084 -9.9439844 -9.8892553 -9.8703442 0.14014964 2.496027 6.4155899 7.2921001 10.416302 12.451487 13.349538 15.4429 19.497757 21.13959 22.121817 22.672857 23.731737 24.647909
163 0.64344667  -10.846829 -10.793578 -10.426448 -10.22878 -10.177165 -10.111149 -9.9528655 -9.9477256 -9.8928075 -9.8697167 0.17895635 2.4754457 6.3005908 7.2294781 10.549961 12.44427 13.480752 15.320347 19.38974 21.079775 22.112764 22.726911 23.898456 24.843811
164 0.64707889  -10.839385 -10.780167 -10.429882 -10.230022 -10.17152 -10.115727 -9.9565577 -9.9515465 -9.8970132 -9.86953 0.22096506 2.4508403 6.1939719 7.1630438 10.678378 12.441037 13.614316 15.191838 19.281047 21.018568 22.105049 22.782663 24.068483 24.996902
165 0.65071111  -10.829847 -10.765481 -10.432993 -10.230563 -10.165148 -10.121249 -9.9598023 -9.9555465 -9.9017342 -9.8698133 0.26614759 2.4218075 6.0965551 7.0932216 10.801762 12.442165 13.746363 15.058263 19.173545 20.955535 22.098515 22.838401 24.240678 25.087825
166 0.65434334  -10.818143 -10.7497 -10.435624 -10.230313 -10.158021 -10.127751 -9.9625305 -9.9598523 -9.9067923 -9.8705986 0.31447509 2.3879963 6.0090209 7.0204618 10.92054 12.447906 13.872493 14.920581 19.06961 20.890333 22.092989 22.891774 24.413824 25.099424
167 0.65797556  -10.804331 -10.733086 -10.437604 -10.229206 -10.150114 -10.135222 -9.964695 -9.9646133 -9.9119757 -9.8719208 0.36591635 2.3491316 5.9319053 6.9452358 11.035277 12.458388 13.987947 14.779839 18.972196 20.822666 22.088283 22.939543 24.586605 25.033054
168 0.66160779  -10.788614 -10.71597 -10.438743 -10.227212 -10.143591 -10.141411 -9.9699865 -9.9662745 -9.9170583 -9.8738183 0.42043554 2.3050358 5.8655935 6.8680303 11.146611 12.473609 14.087865 14.637176 18.884792 20.752238 22.08421 22.977293 24.757579 24.914487
169 0.66524001  -10.771342 -10.698758 -10.438832 -10.224381 -10.15269 -10.131908 -9.976108 -9.9672757 -9.9218309 -9.8763327 0.47798947 2.2556456 5.8103138 6.7893434 11.255196 12.493418 14.167675 14.493838 18.811235 20.678717 22.08061 22.999293 24.77805 24.925124
170 0.66887223  -10.752988 -10.681909 -10.437649 -10.22093 -10.16218 -10.121616 -9.9830583 -9.9677304 -9.9261394 -9.8795084 0.53852455 2.2010216 5.7661351 6.7096797 11.361664 12.517492 14.223571 14.351195 18.755336 20.601701 22.077384 22.999017 24.652528 25.087363
171 0.67250446  -10.734109 -10.665908 -10.434972 -10.217497 -10.171311 -10.110567 -9.9908393 -9.967692 -9.9299082 -9.8833911 0.60197354 2.1413489 5.7329724 6.629547 11.466594 12.545268 14.210792 14.253049 18.720372 20.520715 22.074526 22.971019 24.557693 25.242007
172 0.67613668  -10.715291 -10.651235 -10.430602 -10.215794 -10.178281 -10.098828 -9.9993734 -9.9672309 -9.9331379 -9.8880256 0.66825217 2.0769292 5.7105986 6.549454 11.570492 12.575842 14.074431 14.25535 18.708564 20.435226 22.072158 22.913954 24.503787 25.386047
173 0.6797689  -10.697094 -10.638302 -10.424404 -10.218796 -10.180064 -10.086517 -10.008511 -9.9664302 -9.9358822 -9.893451 0.73725598 2.0081645 5.6986627 6.4699084 11.673776 12.607788 13.944339 14.231658 18.720723 20.344689 22.07056 22.832397 24.491866 25.515158
174 0.68340113  -10.680001 -10.627412 -10.416345 -10.22721 -10.175949 -10.07387 -10.017997 -9.9653847 -9.9382187 -9.899695 0.80885713 1.9355366 5.6967132 6.3914167 11.776757 12.638865 13.823439 14.184949 18.756177 20.248628 22.070192 22.735246 24.516632 25.622598
175 0.68703335  -10.664385 -10.618718 -10.406517 -10.238791 -10.16822 -10.061548 -10.027192 -9.9642038 -9.9402275 -9.9067615 0.88290149 1.8595832 5.7042226 6.3144838 11.879618 12.665613 13.715745 14.119535 18.813015 20.146736 22.071702 22.632201 24.570606 25.69763
176 0.69066558  -10.650497 -10.612232 -10.395133 -10.251914 -10.158575 -10.05288 -10.032826 -9.9630248 -9.9419783 -9.9146093 0.95920584 1.7808746 5.7206114 6.2396151 11.982384 12.68296 13.626735 14.040466 18.888494 20.038978 22.075938 22.531226 24.646986 25.725493
177 0.6942978  -10.638473 -10.607862 -10.382479 -10.265866 -10.147829 -10.056304 -10.026571 -9.9620573 -9.9435216 -9.9230995 1.0375553 1.6999922 5.74527 6.1673178 12.084864 12.684463 13.563098 13.952981 18.979475 19.925677 22.08393 22.437773 24.740604 25.694947
178 0.69793002  -10.628356 -10.605471 -10.368868 -10.280313 -10.136417 -10.066045 -10.014353 -9.9617207 -9.9448792 -9.931851 1.1177006 1.6175109 5.7775757 6.0981037 12.18657 12.664194 13.530821 13.862164 19.082763 19.807557 22.09688 22.355008 24.84779 25.61136
179 0.70156225  -10.620122 -10.604929 -10.354592 -10.295067 -10.124625 -10.077163 -10.001318 -9.9630465 -9.946023 -9.9398315 1.1993563 1.5339851 5.816907 6.0324924 12.286564 12.619971 13.531924 13.772847 19.195307 19.685734 22.116128 22.28435 24.965893 25.49415
180 0.70519447  -10.613713 -10.606142 -10.339898 -10.309995 -10.112656 -10.088787 -9.9886291 -9.9679807 -9.9468192 -9.9450502 1.2821979 1.4499392 5.8626519 5.9710144 12.383233 12.554677 13.563095 13.689763 19.3143 19.561685 22.143106 22.225979 25.092721 25.361798
181 0.70882669  -10.609068 -10.609068 -10.324981 -10.324981 -10.100666 -10.100666 -9.9770769 -9.9770769 -9.9468603 -9.9468603 1.3658609 1.3658609 5.914214 5.914214 12.473947 12.473947 13.617925 13.617925 19.437191 19.437191 22.179268 22.179268 25.225878 25.225878
182 0.71139506  -10.609456 -10.609456 -10.325533 -10.325533 -10.100407 -10.100407 -9.9768515 -9.9768515 -9.9467019 -9.9467019 1.3657567 1.3657567 5.9153015 5.9153015 12.455716 12.455716 13.637887 13.637887 19.43778 19.43778 22.17933 22.17933 25.214094 25.214094
183 0.71396343  -10.610628 -10.610628 -10.327174 -10.327174 -10.099643 -10.099643 -9.9761767 -9.9761767 -9.9462255 -9.9462255 1.3654459 1.3654459 5.9185566 5.9185566 12.404499 12.404499 13.694289 13.694289 19.439553 19.439553 22.179523 22.179523 25.179649 25.179649
184 0.7165318  -10.612612 -10.612612 -10.329854 -10.329854 -10.098406 -10.098406 -9.9750571 -9.9750571 -9.9454268 -9.9454268 1.364934 1.364934 5.9239568 5.9239568 12.328216 12.328216 13.779177 13.779177 19.442527 19.442527 22.179863 22.179863 25.124974 25.124974
185 0.71910017  -10.615456 -10.615456 -10.333494 -10.333494 -10.096751 -10.096751 -9.9735014 -9.9735014 -9.9442981 -9.9442981 1.3642302 1.3642302 5.9314647 5.9314647 12.235031 12.235031 13.884337 13.884337 19.44673 19.44673 22.180381 22.180381 25.053354 25.053354
186 0.72166854  -10.619227 -10.619227 -10.337991 -10.337991 -10.094742 -10.094742 -9.9715249 -9.9715249 -9.9428264 -9.9428264 1.3633471 1.3633471 5.9410276 5.9410276 12.131265 12.131265 14.003371 14.003371 19.452202 19.452202 22.181112 22.181112 24.968256 24.968256
187 0.72423691  -10.624009 -10.624009 -10.343224 -10.343224 -10.092451 -10.092451 -9.9691519 -9.9691519 -9.9409918 -9.9409918 1.3623007 1.3623007 5.9525775 5.9525775 12.021283 12.021283 14.131815 14.131815 19.458992 19.458992 22.1821 22.1821 24.87291 24.87291
188 0.72680528  -10.629907 -10.629907 -10.349057 -10.349057 -10.089953 -10.089953 -9.966419 -9.966419 -9.9387646 -9.9387646 1.36111 1.36111 5.9660309 5.9660309 11.908004 11.908004 14.266628 14.266628 19.46716 19.46716 22.18339 22.18339 24.770129 24.770129
189 0.72937365  -10.637042 -10.637042 -10.355344 -10.355344 -10.087317 -10.087317 -9.9633787 -9.9633787 -9.9361038 -9.9361038 1.359797 1.359797 5.9812886 5.9812886 11.7934 11.7934 14.405689 14.405689 19.476775 19.476775 22.185022 22.185022 24.662307 24.662307
190 0.73194202  -10.64555 -10.64555 -10.361937 -10.361937 -10.084609 -10.084609 -9.9601006 -9.9601006 -9.9329558 -9.9329558 1.3583863 1.3583863 5.9982352 5.9982352 11.678848 11.678848 14.547446 14.547446 19.487914 19.487914 22.187024 22.187024 24.551486 24.551486
191 0.73451039  -10.655576 -10.655576 -10.368686 -10.368686 -10.081884 -10.081884 -9.9566701 -9.9566701 -9.9292574 -9.9292574 1.3569047 1.3569047 6.0167392 6.0167392 11.565345 11.565345 14.690691 14.690691 19.500658 19.500658 22.189403 22.189403 24.439447 24.439447
192 0.73707876  -10.667271 -10.667271 -10.375446 -10.375446 -10.079189 -10.079189 -9.95318 -9.95318 -9.924945 -9.924945 1.3553806 1.3553806 6.036652 6.036652 11.453652 11.453652 14.834427 14.834427 19.515091 19.515091 22.192125 22.192125 24.327806 24.327806
193 0.73964713  -10.680781 -10.680781 -10.382086 -10.382086 -10.076562 -10.076562 -9.949718 -9.949718 -9.9199676 -9.9199676 1.3538443 1.3538443 6.0578084 6.0578084 11.344375 11.344375 14.977773 14.977773 19.531294 19.531294 22.195104 22.195104 24.218093 24.218093
194 0.7422155  -10.696238 -10.696238 -10.388488 -10.388488 -10.074031 -10.074031 -9.946353 -9.946353 -9.9143016 -9.9143016 1.3523265 1.3523265 6.0800258 6.0800258 11.23802 11.23802 15.119915 15.119915 19.549338 19.549338 22.198176 22.198176 24.11182 24.11182
195 0.74478387  -10.713755 -10.713755 -10.394555 -10.394555 -10.071619 -10.071619 -9.9431287 -9.9431287 -9.9079579 -9.9079579 1.3508585 1.3508585 6.1031043 6.1031043 11.135027 11.135027 15.260062 15.260062 19.569276 19.569276 22.201076 22.201076 24.010541 24.010541
196 0.74735224  -10.733409 -10.733409 -10.400215 -10.400215 -10.069339 -10.069339 -9.9400658 -9.9400658 -9.9009801 -9.9009801 1.3494708 1.3494708 6.1268268 6.1268268 11.035797 11.035797 15.39743 15.39743 19.591134 19.591134 22.203409 22.203409 23.915898 23.915898
197 0.74992061  -10.755235 -10.755235 -10.405419 -10.405419 -10.067202 -10.067202 -9.9371704 -9.9371704 -9.8934379 -9.8934379 1.3481929 1.3481929 6.1509588 6.1509588 10.940702 10.940702 15.531222 15.531222 19.614894 19.614894 22.204638 22.204638 23.829639 23.829639
198 0.75248898  -10.779214 -10.779214 -10.410141 -10.410141 -10.065214 -10.065214 -9.934442 -9.934442 -9.8854193 -9.8854193 1.3470518 1.3470518 6.1752498 6.1752498 10.850099 10.850099 15.660625 15.660625 19.640478 19.640478 22.204088 22.204088 23.753604 23.753604
199 0.75505735  -10.805259 -10.805259 -10.414373 -10.414373 -10.063377 -10.063377 -9.9318795 -9.9318795 -9.8770272 -9.8770272 1.3460708 1.3460708 6.1994338 6.1994338 10.764337 10.764337 15.784803 15.784803 19.667735 19.667735 22.200989 22.200989 23.689652 23.689652
200 0.75762572  -10.8332 -10.8332 -10.418124 -10.418124 -10.061693 -10.061693 -9.9294837 -9.9294837 -9.8683773 -9.8683773 1.3452685 1.3452685 6.2232314 6.2232314 10.683758 10.683758 15.902911 15.902911 19.696418 19.696418 22.194576 22.194576 23.639508 23.639508
201 0.76019409  -10.862767 -10.862767 -10.421415 -10.421415 -10.060161 -10.060161 -9.9272579 -9.9272579 -9.8595995 -9.8595995 1.3446569 1.3446569 6.2463521 6.2463521 10.608701 10.608701 16.014097 16.014097 19.72617 19.72617 22.184253 22.184253 23.604532 23.604532
202 0.76276246  -10.893567 -10.893567 -10.424273 -10.424273 -10.058781 -10.058781 -9.9252079 -9.9252079 -9.8508385 -9.8508385 1.3442399 1.3442399 6.2684975 6.2684975 10.539502 10.539502 16.117522 16.117522 19.756514 19.756514 22.169782 22.169782 23.585431 23.585431
203 0.76533083  -10.925065 -10.925065 -10.426727 -10.426727 -10.057551 -10.057551 -9.9233413 -9.9233413 -9.8422549 -9.8422549 1.3440121 1.3440121 6.289366 6.289366 10.476489 10.476489 16.212377 16.212377 19.78685 19.78685 22.151434 22.151434 23.581986 23.581986
204 0.7678992  -10.956567 -10.956567 -10.428808 -10.428808 -10.056469 -10.056469 -9.9216668 -9.9216668 -9.8340241 -9.8340241 1.343957 1.343957 6.308658 6.308658 10.419982 10.419982 16.297902 16.297902 19.816465 19.816465 22.130036 22.130036 23.592879 23.592879
205 0.77046757  -10.987213 -10.987213 -10.430546 -10.430546 -10.055535 -10.055535 -9.9201931 -9.9201931 -9.8263341 -9.8263341 1.3440474 1.3440474 6.3260823 6.3260823 10.370289 10.370289 16.373408 16.373408 19.844557 19.844557 22.106885 22.106885 23.615651 23.615651
206 0.77303594  -11.01599 -11.01599 -10.431969 -10.431969 -10.054747 -10.054747 -9.9189291 -9.9189291 -9.8193798 -9.8193798 1.3442456 1.3442456 6.341363 6.341363 10.327694 10.327694 16.438289 16.438289 19.870273 19.870273 22.083568 22.083568 23.646809 23.646809
207 0.77560431  -11.041776 -11.041776 -10.4331 -10.4331 -10.054103 -10.054103 -9.9178827 -9.9178827 -9.8133558 -9.8133558 1.3445061 1.3445061 6.354248 6.354248 10.292456 10.292456 16.492038 16.492038 19.892758 19.892758 22.061748 22.061748 23.682041 23.682041
208 0.77817268  -11.06341 -11.06341 -10.433959 -10.433959 -10.053603 -10.053603 -9.9170612 -9.9170612 -9.8084455 -9.8084455 1.3447791 1.3447791 6.3645168 6.3645168 10.264799 10.264799 16.534247 16.534247 19.911209 19.911209 22.042982 22.042982 23.716559 23.716559
209 0.78074105  -11.079799 -11.079799 -10.434562 -10.434562 -10.053247 -10.053247 -9.91647 -9.91647 -9.8048099 -9.8048099 1.3450162 1.3450162 6.3719878 6.3719878 10.244908 10.244908 16.564607 16.564607 19.924932 19.924932 22.028583 22.028583 23.745573 23.745573
210 0.78330942  -11.090035 -11.090035 -10.434919 -10.434919 -10.053033 -10.053033 -9.9161136 -9.9161136 -9.8025747 -9.8025747 1.3451768 1.3451768 6.3765261 6.3765261 10.232917 10.232917 16.582906 16.582906 19.933392 19.933392 22.019538 22.019538 23.764913 23.764913
211 0.78587779  -11.093518 -11.093518 -10.435037 -10.435037 -10.052962 -10.052962 -9.9159945 -9.9159945 -9.8018204 -9.8018204 1.3452335 1.3452335 6.3780483 6.3780483 10.22891 10.22891 16.589019 16.589019 19.93625 19.93625 22.016455 22.016455 23.771702 23.771702
